+000556210825000030171201020000
+001143210825000030171201930000
+001247210825000030171202930000
+001817210825000030171201930000
+001917210825000030171202930000
+002000210825000030171202020000
+000700220825000030171201020000
+001202220825000030171201930000
+001302220825000030171202930000
+001840220825000030171201930000
+001940220825000030171202930000
+002026220825000030171202020000
+000724230825000030171201020000
+001204230825000030171201930000
+001304230825000030171202930000
+001820230825000030171201930000
+001920230825000030171202930000
+002021230825000030171202020000
