+000556210226000030219301020000
+001232210226000030219301930000
+001332210226000030219302930000
+001617210226000030219302020000
+000549230226000030219301020000
+001031230226000030219301930000
+001130230226000030219302930000
+002008230226000030219301930000
+002120230226000030219302930000
+002121230226000030219301020000
+000820240226000030219301020000
+001051240226000030219301930000
+001155240226000030219302930000
+001800240226000030219301930000
+001900240226000030219302930000
+002050240226000030219302020000
