+000557110226000030219701020000
+001200110226000030219701930000
+001300110226000030219702930000
+001548110226000030219701020000
+000557120226000030219701020000
+001300120226000030219701930000
+001400120226000030219702930000
+001834120226000030219702020000
+000530130226000030219701020000
+001200130226000030219701930000
+001300130226000030219702930000
+002120130226000030219702020000
+000600140226000030219701020000
+001130140226000030219701930000
+001230140226000030219702930000
+001648140226000030219702020000
