+000855020326000030107501020000
+001248020326000030107501930000
+001348020326000030107502930000
+001743020326000030107501930000
+001842020326000030107502930000
+002059020326000030107501020000
+000803030326000030107501020000
+001125030326000030107501930000
+001225030326000030107502930000
+001801030326000030107501930000
+001902030326000030107502930000
+002020030326000030107501020000
+000727040326000030107501020000
+001130040326000030107501930000
+001232040326000030107502930000
+001749040326000030107501930000
+001849040326000030107502930000
+002034040326000030107501020000
+000739050326000030107501020000
+001234050326000030107501930000
+001335050326000030107502930000
+001758050326000030107501930000
+001857050326000030107502930000
+002143050326000030107501020000
+000843060326000030107501020000
+001152060326000030107501930000
+001251060326000030107502930000
+001731060326000030107501930000
+001831060326000030107502930000
+002035060326000030107501020000
+000755070326000030107501020000
+001209070326000030107501930000
+001309070326000030107502930000
+001700070326000030107501020000
+000730020326000030138801020000
+001119020326000030138801930000
+001219020326000030138802930000
+001630020326000030138801020000
+000720030326000030138801020000
+001100030326000030138801930000
+001200030326000030138802930000
+001835030326000030138801020000
+000730040326000030138801020000
+001100040326000030138801930000
+001200040326000030138802930000
+001718040326000030138801020000
+000820050326000030138801020000
+001209050326000030138801930000
+001309050326000030138802930000
+002040050326000030138801020000
+000740060326000030138801020000
+001137060326000030138801930000
+001237060326000030138802930000
+001840060326000030138801930000
+001940060326000030138802930000
+002245060326000030138801020000
+000946020326000030141201020000
+001500020326000030141201930000
+001600020326000030141202930000
+002000020326000030141201930000
+002100020326000030141202930000
+002249020326000030141201020000
+000952030326000030141201020000
+001429030326000030141201930000
+001530030326000030141202930000
+002033030326000030141201930000
+002133030326000030141202930000
+002305030326000030141201020000
+001005040326000030141201020000
+001500040326000030141201930000
+001600040326000030141202930000
+002025040326000030141201930000
+002125040326000030141202930000
+002310040326000030141201020000
+001010050326000030141201020000
+001500050326000030141201930000
+001600050326000030141202930000
+002025050326000030141201020000
+000954060326000030141201020000
+001500060326000030141201930000
+001600060326000030141202930000
+002149060326000030141201020000
+000849070326000030141201020000
+001501070326000030141201930000
+001601070326000030141202930000
+001748070326000030141201020000
+000520020326000030148501020000
+001140020326000030148501930000
+001240020326000030148502930000
+001507020326000030148501020000
+000512030326000030148501020000
+001100030326000030148501930000
+001200030326000030148502930000
+001458030326000030148501020000
+000511040326000030148501020000
+001111040326000030148501930000
+001211040326000030148502930000
+001519040326000030148501020000
+000515050326000030148501020000
+001152050326000030148501930000
+001251050326000030148502930000
+001508050326000030148501020000
+000510060326000030148501020000
+001048060326000030148501930000
+001149060326000030148502930000
+001458060326000030148501020000
+002100020326000030156801020000
+000200030326000030156801930000
+000300030326000030156802930000
+000600030326000030156801020000
+000601030326000030158501020000
+001135030326000030158501930000
+001240030326000030158502930000
+001534030326000030158501020000
+000558040326000030158501020000
+001132040326000030158501930000
+001234040326000030158502930000
+001711040326000030158501020000
+000602050326000030158501020000
+001100050326000030158501930000
+001201050326000030158502930000
+001548050326000030158501020000
+000604060326000030158501020000
+001200060326000030158501930000
+001311060326000030158502930000
+001548060326000030158501020000
+000608070326000030158501020000
+001148070326000030158501930000
+001247070326000030158502930000
+001510070326000030158501020000
+000559020326000030158701020000
+001133020326000030158701930000
+001241020326000030158702930000
+001800020326000030158701930000
+001902020326000030158702930000
+002201020326000030158701020000
+000900030326000030158701020000
+001404030326000030158701930000
+001504030326000030158702930000
+002035030326000030158701020000
+000800040326000030158701020000
+001203040326000030158701930000
+001303040326000030158702930000
+001804040326000030158701930000
+001914040326000030158702930000
+002316040326000030158701020000
+001015050326000030158701020000
+001414050326000030158701930000
+001519050326000030158702930000
+002002050326000030158701020000
+000802060326000030158701020000
+001203060326000030158701930000
+001304060326000030158702930000
+001817060326000030158701930000
+001918060326000030158702930000
+002209060326000030158701020000
+000923070326000030158701020000
+001321070326000030158701930000
+001436070326000030158702930000
+002059070326000030158701020000
+001156040326000030160601020000
+001634040326000030160601930000
+001735040326000030160602930000
+002151040326000030160601930000
+002252040326000030160602930000
+002253040326000030160601020000
+000953050326000030160601020000
+001358050326000030160601930000
+001459050326000030160602930000
+002107050326000030160601020000
+000800060326000030160601020000
+001143060326000030160601930000
+001241060326000030160602930000
+002010060326000030160601020000
+000644020326000030164301020000
+001200020326000030164301930000
+001300020326000030164302930000
+001648020326000030164301020000
+000645030326000030164301020000
+001200030326000030164301930000
+001300030326000030164302930000
+001718030326000030164301020000
+000649040326000030164301020000
+001250040326000030164301930000
+001350040326000030164302930000
+001648040326000030164301020000
+000646050326000030164301020000
+001130050326000030164301930000
+001229050326000030164302930000
+001648050326000030164301020000
+000614060326000030164301020000
+001100060326000030164301930000
+001200060326000030164302930000
+001608060326000030164301020000
+000751020326000030174701020000
+001209020326000030174701930000
+001311020326000030174702930000
+001808020326000030174701020000
+000710030326000030174701020000
+001152030326000030174701930000
+001252030326000030174702930000
+001759030326000030174701930000
+001859030326000030174702930000
+002340030326000030174701020000
+001125040326000030174701020000
+001329040326000030174701930000
+001429040326000030174702930000
+002023040326000030174701020000
+000743050326000030174701020000
+001245050326000030174701930000
+001346050326000030174702930000
+002017050326000030174701930000
+002117050326000030174702930000
+000023060326000030174701020000
+001134060326000030174701020000
+001622060326000030174701930000
+001722060326000030174702930000
+002059060326000030174701020000
+000725020326000030177901020000
+001230020326000030177901930000
+001337020326000030177902930000
+001719020326000030177901020000
+000726030326000030177901020000
+001130030326000030177901930000
+001228030326000030177902930000
+001719030326000030177901020000
+000726040326000030177901020000
+001141040326000030177901930000
+001240040326000030177902930000
+001741040326000030177901020000
+000725050326000030177901020000
+001221050326000030177901930000
+001321050326000030177902930000
+001720050326000030177901020000
+000727060326000030177901020000
+001139060326000030177901930000
+001242060326000030177902930000
+001900060326000030177901020000
+000650070326000030177901020000
+001200070326000030177901930000
+001300070326000030177902930000
+001700070326000030177901020000
+000547020326000030180901020000
+001100020326000030180901930000
+001200020326000030180902930000
+001549020326000030180901020000
+000546030326000030180901020000
+001100030326000030180901930000
+001200030326000030180902930000
+001938030326000030180901020000
+000630040326000030180901020000
+001238040326000030180901930000
+001337040326000030180902930000
+001857040326000030180901020000
+000549050326000030180901020000
+001100050326000030180901930000
+001200050326000030180902930000
+001549050326000030180901020000
+000601060326000030180901020000
+001100060326000030180901930000
+001200060326000030180902930000
+001548060326000030180901020000
+000548070326000030180901020000
+001100070326000030180901930000
+001200070326000030180902930000
+001700070326000030180901020000
+000549020326000030182001020000
+001028020326000030182001930000
+001128020326000030182002930000
+001550020326000030182001020000
+000554030326000030182001020000
+001029030326000030182001930000
+001138030326000030182002930000
+001620030326000030182001020000
+000601040326000030182001020000
+001029040326000030182001930000
+001129040326000030182002930000
+001557040326000030182001020000
+000556050326000030182001020000
+001044050326000030182001930000
+001145050326000030182002930000
+001553050326000030182001020000
+000554060326000030182001020000
+001058060326000030182001930000
+001202060326000030182002930000
+001622060326000030182001020000
+000612070326000030182001020000
+001030070326000030182001930000
+001129070326000030182002930000
+001303070326000030182001020000
+000726020326000030182301020000
+001141020326000030182301930000
+001239020326000030182302930000
+001820020326000030182301020000
+000729030326000030182301020000
+001130030326000030182301930000
+001230030326000030182302930000
+001855030326000030182301020000
+000729040326000030182301020000
+001130040326000030182301930000
+001230040326000030182302930000
+001912040326000030182301020000
+000728050326000030182301020000
+001155050326000030182301930000
+001254050326000030182302930000
+001810050326000030182301020000
+000728060326000030182301020000
+001120060326000030182301930000
+001220060326000030182302930000
+001848060326000030182301020000
+000854020326000030182401020000
+001403020326000030182401930000
+001502020326000030182402930000
+001937020326000030182401020000
+000859030326000030182401020000
+001335030326000030182401930000
+001435030326000030182402930000
+002000030326000030182401020000
+000826040326000030182401020000
+001500040326000030182401930000
+001600040326000030182402930000
+001935040326000030182401020000
+000905050326000030182401020000
+001241050326000030182401930000
+001343050326000030182402930000
+001908050326000030182401020000
+000714060326000030182401020000
+001110060326000030182401930000
+001210060326000030182402930000
+002019060326000030182401020000
+000649070326000030182401020000
+001124070326000030182401930000
+001225070326000030182402930000
+001414070326000030182401020000
+000600020326000030182601020000
+001100020326000030182601930000
+001200020326000030182602930000
+001549020326000030182601020000
+000551040326000030182601020000
+001101040326000030182601930000
+001200040326000030182602930000
+001901040326000030182601020000
+000553050326000030182601020000
+001100050326000030182601930000
+001200050326000030182602930000
+001700050326000030182601930000
+001800050326000030182602930000
+001936050326000030182601020000
+000551060326000030182601020000
+001100060326000030182601930000
+001200060326000030182602930000
+001802060326000030182601020000
+000557070326000030182601020000
+001205070326000030182601930000
+001304070326000030182602930000
+001501070326000030182601020000
+000548020326000030182801020000
+001135020326000030182801930000
+001233020326000030182802930000
+001548020326000030182801020000
+000549030326000030182801020000
+001102030326000030182801930000
+001202030326000030182802930000
+001822030326000030182801020000
+000552040326000030182801020000
+001156040326000030182801930000
+001256040326000030182802930000
+001644040326000030182801020000
+000549050326000030182801020000
+001122050326000030182801930000
+001222050326000030182802930000
+001548050326000030182801020000
+000545060326000030182801020000
+001130060326000030182801930000
+001230060326000030182802930000
+001637060326000030182801020000
+000619020326000030183301020000
+001123020326000030183301930000
+001223020326000030183302930000
+001800020326000030183301930000
+001900020326000030183302930000
+001915020326000030183301020000
+000615030326000030183301020000
+001100030326000030183301930000
+001200030326000030183302930000
+001623030326000030183301020000
+000617040326000030183301020000
+001100040326000030183301930000
+001200040326000030183302930000
+001626040326000030183301020000
+000626050326000030183301020000
+001225050326000030183301930000
+001330050326000030183302930000
+001708050326000030183301020000
+000638060326000030183301020000
+001100060326000030183301930000
+001200060326000030183302930000
+001642060326000030183301020000
+000635070326000030183301020000
+001100070326000030183301930000
+001200070326000030183302930000
+002111070326000030183301020000
+001018020326000030183501020000
+001425020326000030183501930000
+001525020326000030183502930000
+002000020326000030183501020000
+000902030326000030183501020000
+001425030326000030183501930000
+001525030326000030183502930000
+002002030326000030183501930000
+002102030326000030183502930000
+002300030326000030183501020000
+001000040326000030183501020000
+001435040326000030183501930000
+001535040326000030183502930000
+001948040326000030183501020000
+001036050326000030183501020000
+001431050326000030183501930000
+001531050326000030183502930000
+002100050326000030183501020000
+000900060326000030183501020000
+001335060326000030183501930000
+001435060326000030183502930000
+002100060326000030183501930000
+002200060326000030183502930000
+002353060326000030183501020000
+000619020326000030185101020000
+001320020326000030185101930000
+001418020326000030185102930000
+001733020326000030185101020000
+000620030326000030185101020000
+001301030326000030185101930000
+001401030326000030185102930000
+001904030326000030185101020000
+000619040326000030185101020000
+001130040326000030185101930000
+001228040326000030185102930000
+001735040326000030185101020000
+000626050326000030185101020000
+001220050326000030185101930000
+001318050326000030185102930000
+001724050326000030185101020000
+000626060326000030185101020000
+001131060326000030185101930000
+001231060326000030185102930000
+001800060326000030185101930000
+001900060326000030185102930000
+002013060326000030185101020000
+000719070326000030185101020000
+001200070326000030185101930000
+001300070326000030185102930000
+001533070326000030185101020000
+000550020326000030185301020000
+001101020326000030185301930000
+001202020326000030185302930000
+001700020326000030185301930000
+001800020326000030185302930000
+002000020326000030185301020000
+000700030326000030185301020000
+001208030326000030185301930000
+001307030326000030185302930000
+001607030326000030185301020000
+000552040326000030185301020000
+001100040326000030185301930000
+001200040326000030185302930000
+001645040326000030185301020000
+000548050326000030185301020000
+001100050326000030185301930000
+001200050326000030185302930000
+001556050326000030185301020000
+000550060326000030185301020000
+001106060326000030185301930000
+001215060326000030185302930000
+001548060326000030185301020000
+000545020326000030185401020000
+001100020326000030185401930000
+001200020326000030185402930000
+001700020326000030185401930000
+001800020326000030185402930000
+001900020326000030185401020000
+000600030326000030185401020000
+001100030326000030185401930000
+001200030326000030185402930000
+001700030326000030185401930000
+001800030326000030185402930000
+001900030326000030185401020000
+000621040326000030185401020000
+001130040326000030185401930000
+001230040326000030185402930000
+001710040326000030185401020000
+000545050326000030185401020000
+001100050326000030185401930000
+001200050326000030185402930000
+001700050326000030185401930000
+001800050326000030185402930000
+001923050326000030185401020000
+000623060326000030185401020000
+001125060326000030185401930000
+001225060326000030185402930000
+001730060326000030185401930000
+001830060326000030185402930000
+002055060326000030185401020000
+000100020326000030186401020000
+000500020326000030186401930000
+000600020326000030186402930000
+001226020326000030186401020000
+000101030326000030186401020000
+000505030326000030186401930000
+000605030326000030186402930000
+001334030326000030186401020000
+000100040326000030186401020000
+000520040326000030186401930000
+000620040326000030186402930000
+001144040326000030186401020000
+000100050326000030186401020000
+000523050326000030186401930000
+000626050326000030186402930000
+001101050326000030186401020000
+000100060326000030186401020000
+000521060326000030186401930000
+000621060326000030186402930000
+001042060326000030186401020000
+000722020326000030186801020000
+001200020326000030186801930000
+001311020326000030186802930000
+001813020326000030186801020000
+000658030326000030186801020000
+001233030326000030186801930000
+001333030326000030186802930000
+001818030326000030186801020000
+000746040326000030186801020000
+001200040326000030186801930000
+001300040326000030186802930000
+001718040326000030186801020000
+000713050326000030186801020000
+001208050326000030186801930000
+001308050326000030186802930000
+001724050326000030186801020000
+000719060326000030186801020000
+001204060326000030186801930000
+001300060326000030186802930000
+001624060326000030186801020000
+000557020326000030186901020000
+001055020326000030186901930000
+001155020326000030186902930000
+001552020326000030186901020000
+000604030326000030186901020000
+001100030326000030186901930000
+001200030326000030186902930000
+001548030326000030186901020000
+000622040326000030186901020000
+001120040326000030186901930000
+001220040326000030186902930000
+001954040326000030186901930000
+002054040326000030186902930000
+002230040326000030186901020000
+000931050326000030186901020000
+001500050326000030186901930000
+001600050326000030186902930000
+001930050326000030186901930000
+002030050326000030186902930000
+002031050326000030186901020000
+000740060326000030186901020000
+001238060326000030186901930000
+001338060326000030186902930000
+001937060326000030186901930000
+002037060326000030186902930000
+002203060326000030186901020000
+000904070326000030186901020000
+001400070326000030186901930000
+001500070326000030186902930000
+002024070326000030186901020000
+001355020326000030187501020000
+001804020326000030187501930000
+001904020326000030187502930000
+000228030326000030187501020000
+001345030326000030187501020000
+001800030326000030187501930000
+001900030326000030187502930000
+000030040326000030187501930000
+000130040326000030187502930000
+000230040326000030187501020000
+001359040326000030187501020000
+001800040326000030187501930000
+001900040326000030187502930000
+000226050326000030187501020000
+001358050326000030187501020000
+001800050326000030187501930000
+001900050326000030187502930000
+000240060326000030187501020000
+001355060326000030187501020000
+001800060326000030187501930000
+001900060326000030187502930000
+002354060326000030187501020000
+000555020326000030187601020000
+001101020326000030187601930000
+001200020326000030187602930000
+001851020326000030187601020000
+000555030326000030187601020000
+001105030326000030187601930000
+001205030326000030187602930000
+001657030326000030187601020000
+000551040326000030187601020000
+001100040326000030187601930000
+001202040326000030187602930000
+001648040326000030187601020000
+000558050326000030187601020000
+001100050326000030187601930000
+001200050326000030187602930000
+001548050326000030187601020000
+000617060326000030187601020000
+001133060326000030187601930000
+001235060326000030187602930000
+001925060326000030187601020000
+000703020326000030188401020000
+001135020326000030188401930000
+001238020326000030188402930000
+001652020326000030188401020000
+000655030326000030188401020000
+001102030326000030188401930000
+001202030326000030188402930000
+001725030326000030188401020000
+000655040326000030188401020000
+001235040326000030188401930000
+001335040326000030188402930000
+001657040326000030188401020000
+000703050326000030188401020000
+001130050326000030188401930000
+001230050326000030188402930000
+001700050326000030188401020000
+000701060326000030188401020000
+001150060326000030188401930000
+001250060326000030188402930000
+001855060326000030188401930000
+001956060326000030188402930000
+002100060326000030188401020000
+000800070326000030188401020000
+001250070326000030188401930000
+001354070326000030188402930000
+001701070326000030188401020000
+000731020326000030189201020000
+001115020326000030189201930000
+001215020326000030189202930000
+001720020326000030189201020000
+000730030326000030189201020000
+001136030326000030189201930000
+001236030326000030189202930000
+001723030326000030189201020000
+000735040326000030189201020000
+001203040326000030189201930000
+001303040326000030189202930000
+001724040326000030189201020000
+000734050326000030189201020000
+001233050326000030189201930000
+001333050326000030189202930000
+001722050326000030189201020000
+000730060326000030189201020000
+001100060326000030189201930000
+001200060326000030189202930000
+001733060326000030189201020000
+001816020326000030189701020000
+002300020326000030189701930000
+000001030326000030189702930000
+000400030326000030189701020000
+001826030326000030189701020000
+002300030326000030189701930000
+000003040326000030189702930000
+000500040326000030189701020000
+001812040326000030189701020000
+002300040326000030189701930000
+000000050326000030189702930000
+000545050326000030189701020000
+001822050326000030189701020000
+002300050326000030189701930000
+000000060326000030189702930000
+000519060326000030189701020000
+001829060326000030189701020000
+002300060326000030189701930000
+000000070326000030189702930000
+000525070326000030189701020000
+000545020326000030189901020000
+001009020326000030189901930000
+001111020326000030189902930000
+001552020326000030189901020000
+000554030326000030189901020000
+001001030326000030189901930000
+001100030326000030189902930000
+001548030326000030189901020000
+000551040326000030189901020000
+001001040326000030189901930000
+001101040326000030189902930000
+001548040326000030189901020000
+000553050326000030189901020000
+001002050326000030189901930000
+001100050326000030189902930000
+001548050326000030189901020000
+000600060326000030189901020000
+001001060326000030189901930000
+001103060326000030189902930000
+001620060326000030189901020000
+000553070326000030189901020000
+001100070326000030189901930000
+001200070326000030189902930000
+001505070326000030189901020000
+000741020326000030191101020000
+001140020326000030191101930000
+001240020326000030191102930000
+001732020326000030191101020000
+000742030326000030191101020000
+001100030326000030191101930000
+001211030326000030191102930000
+001958030326000030191101020000
+000752040326000030191101020000
+001100040326000030191101930000
+001210040326000030191102930000
+001803040326000030191101020000
+000726050326000030191101020000
+001130050326000030191101930000
+001230050326000030191102930000
+001926050326000030191101020000
+000741060326000030191101020000
+001140060326000030191101930000
+001240060326000030191102930000
+001733060326000030191101020000
+000420020326000030191801020000
+000920020326000030191801930000
+001021020326000030191802930000
+001520020326000030191801930000
+001622020326000030191802930000
+001820020326000030191801020000
+000647030326000030191801020000
+001158030326000030191801930000
+001307030326000030191802930000
+001700030326000030191801930000
+001809030326000030191802930000
+002114030326000030191801020000
+000839040326000030191801020000
+001303040326000030191801930000
+001403040326000030191802930000
+001831040326000030191801020000
+000555050326000030191801020000
+001105050326000030191801930000
+001209050326000030191802930000
+001702050326000030191801930000
+001810050326000030191802930000
+002141050326000030191801020000
+000540060326000030191801020000
+001135060326000030191801930000
+001236060326000030191802930000
+001730060326000030191801930000
+001838060326000030191802930000
+001939060326000030191801020000
+000340070326000030191801020000
+000944070326000030191801930000
+001046070326000030191802930000
+001437070326000030191801930000
+001537070326000030191802930000
+001930070326000030191801020000
+002002020326000030192301020000
+000100030326000030192301930000
+000200030326000030192302930000
+000600030326000030192301930000
+000702030326000030192302930000
+000800030326000030192301020000
+001900030326000030192301020000
+000000040326000030192301930000
+000100040326000030192302930000
+000600040326000030192301930000
+000700040326000030192302930000
+000930040326000030192301020000
+002030040326000030192301020000
+000130050326000030192301930000
+000230050326000030192302930000
+000604050326000030192301930000
+000704050326000030192302930000
+000830050326000030192301020000
+001930050326000030192301020000
+000200060326000030192301930000
+000300060326000030192302930000
+000807060326000030192301930000
+000907060326000030192302930000
+001245060326000030192301020000
+002345060326000030192301020000
+000600070326000030192301930000
+000700070326000030192302930000
+001228070326000030192301020000
+002045020326000030192401020000
+000200030326000030192401930000
+000300030326000030192402930000
+000649030326000030192401020000
+002110030326000030192401020000
+000130040326000030192401930000
+000230040326000030192402930000
+000600040326000030192401020000
+002112040326000030192401020000
+000118050326000030192401930000
+000217050326000030192402930000
+000635050326000030192401930000
+000735050326000030192402930000
+001000050326000030192401020000
+002100050326000030192401020000
+000112060326000030192401930000
+000217060326000030192402930000
+000800060326000030192401930000
+000900060326000030192402930000
+001100060326000030192401020000
+002200060326000030192401020000
+000200070326000030192401930000
+000300070326000030192402930000
+000700070326000030192401020000
+000556020326000030193201020000
+001101020326000030193201930000
+001207020326000030193202930000
+001700020326000030193201930000
+001800020326000030193202930000
+001940020326000030193201020000
+000640030326000030193201020000
+001120030326000030193201930000
+001220030326000030193202930000
+001930030326000030193201020000
+000630040326000030193201020000
+001121040326000030193201930000
+001221040326000030193202930000
+001700040326000030193201930000
+001800040326000030193202930000
+002037040326000030193201020000
+000730050326000030193201020000
+001100050326000030193201930000
+001200050326000030193202930000
+001700050326000030193201930000
+001800050326000030193202930000
+002345050326000030193201020000
+001059060326000030193201020000
+001356060326000030193201930000
+001456060326000030193202930000
+002048060326000030193201020000
+001154020326000030193901020000
+001259020326000030193901930000
+001359020326000030193902930000
+001909020326000030193901930000
+002009020326000030193902930000
+002301020326000030193901020000
+001000030326000030193901020000
+001341030326000030193901930000
+001448030326000030193902930000
+002104030326000030193901930000
+002203030326000030193902930000
+002328030326000030193901020000
+001129040326000030193901020000
+001859040326000030193901930000
+001959040326000030193902930000
+002250040326000030193901020000
+001155050326000030193901020000
+001440050326000030193901930000
+001539050326000030193902930000
+002138050326000030193901930000
+002237050326000030193902930000
+000000060326000030193901020000
+001100060326000030193901020000
+001759060326000030193901930000
+001859060326000030193902930000
+002126060326000030193901020000
+000705020326000030194101020000
+001200020326000030194101930000
+001300020326000030194102930000
+001830020326000030194101930000
+001930020326000030194102930000
+001959020326000030194101020000
+000731030326000030194101020000
+001300030326000030194101930000
+001400030326000030194102930000
+001834030326000030194101930000
+001934030326000030194102930000
+002001030326000030194101020000
+000700040326000030194101020000
+001300040326000030194101930000
+001400040326000030194102930000
+001650040326000030194101020000
+000701050326000030194101020000
+001241050326000030194101930000
+001341050326000030194102930000
+001800050326000030194101930000
+001900050326000030194102930000
+001954050326000030194101020000
+000647060326000030194101020000
+001100060326000030194101930000
+001200060326000030194102930000
+001821060326000030194101930000
+001921060326000030194102930000
+002016060326000030194101020000
+000741020326000030194501020000
+001154020326000030194501930000
+001254020326000030194502930000
+001913020326000030194501930000
+002013020326000030194502930000
+002209020326000030194501020000
+000915030326000030194501020000
+001325030326000030194501930000
+001425030326000030194502930000
+001931030326000030194501930000
+002031030326000030194502930000
+002139030326000030194501020000
+000839040326000030194501020000
+001141040326000030194501930000
+001241040326000030194502930000
+002012040326000030194501930000
+002112040326000030194502930000
+002253040326000030194501020000
+001000050326000030194501020000
+001341050326000030194501930000
+001439050326000030194502930000
+002026050326000030194501020000
+000817060326000030194501020000
+001159060326000030194501930000
+001259060326000030194502930000
+001936060326000030194501930000
+002036060326000030194502930000
+002250060326000030194501020000
+000602020326000030195401020000
+001110020326000030195401930000
+001210020326000030195402930000
+001615020326000030195401020000
+000559030326000030195401020000
+001002030326000030195401930000
+001102030326000030195402930000
+001700030326000030195401930000
+001800030326000030195402930000
+002003030326000030195401020000
+000705040326000030195401020000
+001146040326000030195401930000
+001245040326000030195402930000
+001850040326000030195401020000
+000555050326000030195401020000
+001043050326000030195401930000
+001143050326000030195402930000
+001700050326000030195401930000
+001800050326000030195402930000
+001928050326000030195401020000
+000630060326000030195401020000
+001130060326000030195401930000
+001230060326000030195402930000
+001757060326000030195401930000
+001857060326000030195402930000
+002036060326000030195401020000
+000140020326000030196901020000
+000700020326000030196901930000
+000800020326000030196902930000
+001256020326000030196901020000
+000128030326000030196901020000
+000700030326000030196901930000
+000800030326000030196902930000
+001511030326000030196901020000
+000137040326000030196901020000
+000805040326000030196901930000
+000914040326000030196902930000
+001322040326000030196901020000
+000141050326000030196901020000
+000631050326000030196901930000
+000731050326000030196902930000
+001133050326000030196901020000
+000138060326000030196901020000
+000816060326000030196901930000
+000916060326000030196902930000
+001328060326000030196901020000
+000555020326000030198101020000
+001037020326000030198101930000
+001139020326000030198102930000
+001548020326000030198101020000
+000550030326000030198101020000
+001440030326000030198101930000
+001540030326000030198102930000
+001755030326000030198101020000
+000558040326000030198101020000
+001020040326000030198101930000
+001124040326000030198102930000
+001549040326000030198101020000
+000559050326000030198101020000
+001203050326000030198101930000
+001319050326000030198102930000
+001556050326000030198101020000
+000556060326000030198101020000
+001144060326000030198101930000
+001244060326000030198102930000
+001855060326000030198101020000
+002001020326000030198501020000
+000210030326000030198501930000
+000313030326000030198502930000
+000607030326000030198501020000
+001656030326000030198501020000
+002231030326000030198501930000
+002331030326000030198502930000
+000440040326000030198501930000
+000540040326000030198502930000
+001032040326000030198501020000
+002133040326000030198501020000
+000101050326000030198501930000
+000207050326000030198502930000
+000601050326000030198501020000
+001657050326000030198501020000
+002130050326000030198501930000
+002237050326000030198502930000
+000231060326000030198501020000
+000601020326000030199101020000
+001111020326000030199101930000
+001211020326000030199102930000
+001636020326000030199101020000
+000604030326000030199101020000
+001056030326000030199101930000
+001156030326000030199102930000
+001549030326000030199101020000
+000553040326000030199101020000
+001057040326000030199101930000
+001157040326000030199102930000
+001548040326000030199101020000
+000555050326000030199101020000
+001101050326000030199101930000
+001159050326000030199102930000
+001549050326000030199101020000
+000600060326000030199101020000
+001130060326000030199101930000
+001230060326000030199102930000
+001430060326000030199101020000
+000920020326000030199201020000
+001400020326000030199201930000
+001500020326000030199202930000
+001926020326000030199201020000
+000627030326000030199201020000
+001235030326000030199201930000
+001335030326000030199202930000
+001700030326000030199201020000
+000459040326000030199201020000
+001024040326000030199201930000
+001124040326000030199202930000
+001925040326000030199201020000
+000625050326000030199201020000
+001100050326000030199201930000
+001200050326000030199202930000
+002033050326000030199201020000
+000733060326000030199201020000
+001222060326000030199201930000
+001322060326000030199202930000
+002005060326000030199201020000
+000555020326000030200501020000
+001034020326000030200501930000
+001134020326000030200502930000
+001553020326000030200501020000
+000555030326000030200501020000
+001036030326000030200501930000
+001142030326000030200502930000
+001552030326000030200501020000
+000609040326000030200501020000
+001002040326000030200501930000
+001106040326000030200502930000
+001557040326000030200501020000
+000557050326000030200501020000
+001055050326000030200501930000
+001155050326000030200502930000
+001628050326000030200501020000
+000556060326000030200501020000
+001118060326000030200501930000
+001218060326000030200502930000
+001553060326000030200501020000
+000701020326000030200601020000
+001340020326000030200601930000
+001440020326000030200602930000
+001620020326000030200601020000
+000702030326000030200601020000
+001400030326000030200601930000
+001500030326000030200602930000
+001652030326000030200601020000
+000700040326000030200601020000
+001359040326000030200601930000
+001500040326000030200602930000
+001709040326000030200601020000
+000659050326000030200601020000
+001357050326000030200601930000
+001507050326000030200602930000
+001714050326000030200601020000
+000700060326000030200601020000
+001424060326000030200601930000
+001525060326000030200602930000
+001702060326000030200601020000
+000449020326000030200801020000
+001148020326000030200801930000
+001248020326000030200802930000
+001943020326000030200801020000
+000729030326000030200801020000
+001225030326000030200801930000
+001324030326000030200802930000
+001746030326000030200801020000
+000448040326000030200801020000
+001226040326000030200801930000
+001326040326000030200802930000
+002204040326000030200801020000
+000907050326000030200801020000
+001240050326000030200801930000
+001341050326000030200802930000
+001855050326000030200801020000
+000451060326000030200801020000
+001211060326000030200801930000
+001311060326000030200802930000
+002057060326000030200801020000
+000727020326000030201601020000
+001200020326000030201601930000
+001306020326000030201602930000
+001718020326000030201601020000
+000723030326000030201601020000
+001205030326000030201601930000
+001308030326000030201602930000
+001719030326000030201601020000
+000725040326000030201601020000
+001305040326000030201601930000
+001405040326000030201602930000
+001814040326000030201601020000
+000729050326000030201601020000
+001203050326000030201601930000
+001303050326000030201602930000
+001724050326000030201601020000
+000729060326000030201601020000
+001223060326000030201601930000
+001323060326000030201602930000
+001718060326000030201601020000
+000601020326000030202101020000
+001000020326000030202101930000
+001100020326000030202102930000
+001706020326000030202101930000
+001802020326000030202102930000
+001937020326000030202101020000
+000630030326000030202101020000
+001100030326000030202101930000
+001200030326000030202102930000
+001230030326000030202101020000
+000555040326000030202101020000
+000958040326000030202101930000
+001100040326000030202102930000
+001700040326000030202101930000
+001801040326000030202102930000
+001923040326000030202101020000
+000624050326000030202101020000
+001100050326000030202101930000
+001200050326000030202102930000
+001724050326000030202101020000
+000554060326000030202101020000
+001101060326000030202101930000
+001200060326000030202102930000
+001705060326000030202101930000
+001805060326000030202102930000
+002013060326000030202101020000
+000722020326000030203001020000
+001201020326000030203001930000
+001302020326000030203002930000
+001912020326000030203001020000
+000720030326000030203001020000
+001203030326000030203001930000
+001305030326000030203002930000
+001827030326000030203001020000
+000538040326000030203001020000
+001103040326000030203001930000
+001204040326000030203002930000
+001700040326000030203001930000
+001800040326000030203002930000
+001955040326000030203001020000
+000713050326000030203001020000
+001201050326000030203001930000
+001303050326000030203002930000
+001845050326000030203001020000
+000717060326000030203001020000
+001200060326000030203001930000
+001308060326000030203002930000
+001723060326000030203001020000
+000648070326000030203001020000
+001200070326000030203001930000
+001300070326000030203002930000
+001913070326000030203001020000
+000703020326000030203901020000
+001201020326000030203901930000
+001300020326000030203902930000
+001737020326000030203901020000
+000703030326000030203901020000
+001132030326000030203901930000
+001233030326000030203902930000
+001651030326000030203901020000
+000702040326000030203901020000
+001154040326000030203901930000
+001254040326000030203902930000
+001851040326000030203901020000
+000700050326000030203901020000
+001200050326000030203901930000
+001300050326000030203902930000
+001718050326000030203901020000
+000705060326000030203901020000
+001059060326000030203901930000
+001200060326000030203902930000
+001653060326000030203901020000
+000600020326000030204001020000
+001104020326000030204001930000
+001204020326000030204002930000
+001549020326000030204001020000
+000500030326000030204001020000
+001030030326000030204001930000
+001130030326000030204002930000
+001630030326000030204001930000
+001730030326000030204002930000
+001951030326000030204001020000
+000559040326000030204001020000
+001100040326000030204001930000
+001200040326000030204002930000
+001548040326000030204001020000
+000459050326000030204001020000
+001031050326000030204001930000
+001130050326000030204002930000
+001630050326000030204001930000
+001731050326000030204002930000
+002041050326000030204001020000
+000658060326000030204001020000
+001230060326000030204001930000
+001330060326000030204002930000
+001900060326000030204001930000
+002001060326000030204002930000
+002155060326000030204001020000
+000810070326000030204001020000
+001530070326000030204001930000
+001630070326000030204002930000
+001740070326000030204001020000
+000600020326000030204901020000
+001215020326000030204901930000
+001315020326000030204902930000
+001548020326000030204901020000
+000550030326000030204901020000
+001215030326000030204901930000
+001315030326000030204902930000
+001802030326000030204901020000
+000550040326000030204901020000
+001200040326000030204901930000
+001300040326000030204902930000
+001803040326000030204901020000
+000550050326000030204901020000
+001200050326000030204901930000
+001300050326000030204902930000
+001733050326000030204901020000
+000600060326000030204901020000
+001242060326000030204901930000
+001342060326000030204902930000
+001802060326000030204901020000
+001151020326000030205601020000
+001900020326000030205601930000
+002000020326000030205602930000
+002149020326000030205601020000
+001150030326000030205601020000
+001915030326000030205601930000
+002015030326000030205602930000
+002148030326000030205601020000
+001158050326000030205601020000
+001730050326000030205601930000
+001830050326000030205602930000
+002149050326000030205601020000
+001201060326000030205601020000
+001900060326000030205601930000
+002000060326000030205602930000
+002148060326000030205601020000
+000557020326000030205701020000
+001101020326000030205701930000
+001201020326000030205702930000
+001700020326000030205701930000
+001800020326000030205702930000
+001900020326000030205701020000
+000559030326000030205701020000
+001102030326000030205701930000
+001204030326000030205702930000
+001700030326000030205701930000
+001802030326000030205702930000
+002200030326000030205701020000
+000555040326000030205701020000
+001103040326000030205701930000
+001204040326000030205702930000
+001702040326000030205701930000
+001802040326000030205702930000
+002325040326000030205701020000
+001028050326000030205701020000
+001533050326000030205701930000
+001633050326000030205702930000
+001948050326000030205701020000
+000651060326000030205701020000
+001133060326000030205701930000
+001236060326000030205702930000
+001650060326000030205701020000
+000722070326000030205701020000
+001247070326000030205701930000
+001349070326000030205702930000
+001741070326000030205701020000
+000534020326000030206001020000
+001035020326000030206001930000
+001135020326000030206002930000
+001735020326000030206001930000
+001835020326000030206002930000
+002302020326000030206001020000
+000947030326000030206001020000
+001158030326000030206001930000
+001258030326000030206002930000
+001848030326000030206001020000
+001003040326000030206001020000
+001400040326000030206001930000
+001500040326000030206002930000
+002000040326000030206001930000
+002102040326000030206002930000
+002230040326000030206001020000
+000930050326000030206001020000
+001430050326000030206001930000
+001530050326000030206002930000
+002100050326000030206001020000
+000800060326000030206001020000
+001238060326000030206001930000
+001338060326000030206002930000
+001847060326000030206001020000
+000535020326000030206301020000
+001002020326000030206301930000
+001101020326000030206302930000
+001610020326000030206301930000
+001710020326000030206302930000
+001902020326000030206301020000
+000603030326000030206301020000
+001000030326000030206301930000
+001100030326000030206302930000
+001600030326000030206301930000
+001700030326000030206302930000
+001759030326000030206301020000
+000458040326000030206301020000
+001000040326000030206301930000
+001100040326000030206302930000
+001600040326000030206301930000
+001700040326000030206302930000
+001755040326000030206301020000
+000520050326000030206301020000
+001000050326000030206301930000
+001100050326000030206302930000
+001600050326000030206301930000
+001700050326000030206302930000
+001747050326000030206301020000
+000500060326000030206301020000
+001000060326000030206301930000
+001100060326000030206302930000
+001615060326000030206301930000
+001720060326000030206302930000
+002329060326000030206301020000
+001028070326000030206301020000
+001534070326000030206301930000
+001637070326000030206302930000
+002020070326000030206301930000
+002120070326000030206302930000
+002306070326000030206301020000
+002110020326000030206701020000
+000101030326000030206701930000
+000205030326000030206702930000
+000601030326000030206701020000
+002112030326000030206701020000
+000200040326000030206701930000
+000316040326000030206702930000
+000852040326000030206701020000
+002110040326000030206701020000
+000200050326000030206701930000
+000302050326000030206702930000
+000805050326000030206701930000
+000905050326000030206702930000
+001302050326000030206701020000
+002350050326000030206701020000
+000331060326000030206701930000
+000430060326000030206702930000
+000900060326000030206701020000
+002109060326000030206701020000
+000141070326000030206701930000
+000241070326000030206702930000
+000600070326000030206701020000
+002106020326000030207301020000
+000200030326000030207301930000
+000300030326000030207302930000
+000600030326000030207301020000
+002110030326000030207301020000
+000153040326000030207301930000
+000251040326000030207302930000
+000750040326000030207301930000
+000850040326000030207302930000
+001130040326000030207301020000
+002230040326000030207301020000
+000300050326000030207301930000
+000400050326000030207302930000
+000730050326000030207301020000
+002110050326000030207301020000
+000200060326000030207301930000
+000300060326000030207302930000
+000600060326000030207301020000
+002110060326000030207301020000
+000206070326000030207301930000
+000306070326000030207302930000
+000600070326000030207301020000
+000633030326000030208001020000
+001338030326000030208001930000
+001444030326000030208002930000
+001808030326000030208001020000
+000958040326000030208001020000
+001300040326000030208001930000
+001400040326000030208002930000
+001949040326000030208001020000
+001005050326000030208001020000
+001330050326000030208001930000
+001430050326000030208002930000
+001948050326000030208001020000
+000953060326000030208001020000
+001310060326000030208001930000
+001410060326000030208002930000
+001954060326000030208001020000
+002111020326000030208101020000
+000008030326000030208101930000
+000108030326000030208102930000
+000958030326000030208101930000
+001106030326000030208102930000
+001722030326000030208101020000
+002341030326000030208101020000
+000137040326000030208101930000
+000237040326000030208102930000
+000600040326000030208101020000
+002106040326000030208101020000
+000102050326000030208101930000
+000202050326000030208102930000
+000600050326000030208101020000
+002107050326000030208101020000
+000233060326000030208101930000
+000333060326000030208102930000
+000900060326000030208101930000
+001000060326000030208102930000
+001030060326000030208101020000
+002130060326000030208101020000
+000300070326000030208101930000
+000400070326000030208102930000
+001035070326000030208101020000
+002112020326000030208201020000
+000430030326000030208201930000
+000530030326000030208202930000
+001030030326000030208201930000
+001130030326000030208202930000
+001245030326000030208201020000
+002345030326000030208201020000
+000459040326000030208201930000
+000601040326000030208202930000
+000947040326000030208201020000
+002110040326000030208201020000
+000101050326000030208201930000
+000205050326000030208202930000
+000600050326000030208201020000
+002110050326000030208201020000
+000140060326000030208201930000
+000240060326000030208202930000
+000730060326000030208201930000
+000830060326000030208202930000
+001042060326000030208201020000
+002145060326000030208201020000
+000220070326000030208201930000
+000322070326000030208202930000
+000601070326000030208201020000
+000546020326000030208501020000
+001100020326000030208501930000
+001200020326000030208502930000
+001549020326000030208501020000
+000549030326000030208501020000
+001100030326000030208501930000
+001200030326000030208502930000
+001549030326000030208501020000
+000550040326000030208501020000
+001100040326000030208501930000
+001159040326000030208502930000
+001551040326000030208501020000
+000548050326000030208501020000
+001100050326000030208501930000
+001200050326000030208502930000
+001751050326000030208501020000
+000555060326000030208501020000
+001058060326000030208501930000
+001158060326000030208502930000
+001635060326000030208501020000
+000552070326000030208501020000
+001100070326000030208501930000
+001200070326000030208502930000
+001508070326000030208501020000
+002106020326000030209201020000
+000114030326000030209201930000
+000214030326000030209202930000
+000600030326000030209201020000
+002107030326000030209201020000
+000200040326000030209201930000
+000300040326000030209202930000
+000600040326000030209201020000
+002111040326000030209201020000
+000200050326000030209201930000
+000300050326000030209202930000
+000801050326000030209201930000
+000900050326000030209202930000
+001100050326000030209201020000
+002254050326000030209201020000
+000301060326000030209201930000
+000401060326000030209202930000
+000633060326000030209201020000
+002111060326000030209201020000
+000200070326000030209201930000
+000300070326000030209202930000
+000601070326000030209201020000
+002100020326000030209301020000
+000100030326000030209301930000
+000200030326000030209302930000
+000215030326000030209301020000
+001655030326000030209301020000
+002200030326000030209301930000
+002300030326000030209302930000
+000401040326000030209301930000
+000505040326000030209302930000
+001301040326000030209301020000
+002359040326000030209301020000
+000501050326000030209301930000
+000600050326000030209302930000
+000900050326000030209301020000
+001931050326000030209301020000
+000100060326000030209301930000
+000200060326000030209302930000
+000500060326000030209301020000
+001613060326000030209301020000
+002201060326000030209301930000
+002301060326000030209302930000
+000217070326000030209301020000
+001247070326000030209301020000
+001630070326000030209301930000
+001730070326000030209302930000
+001801070326000030209301020000
+000830020326000030209601020000
+001330020326000030209601930000
+001430020326000030209602930000
+001915020326000030209601930000
+002015020326000030209602930000
+002300020326000030209601020000
+000700030326000030209601020000
+001200030326000030209601930000
+001300030326000030209602930000
+001703030326000030209601930000
+001803030326000030209602930000
+002303030326000030209601020000
+001000040326000030209601020000
+001500040326000030209601930000
+001600040326000030209602930000
+002100040326000030209601930000
+002200040326000030209602930000
+000000050326000030209601020000
+001002050326000030209601020000
+001510050326000030209601930000
+001610050326000030209602930000
+002002050326000030209601930000
+002100050326000030209602930000
+000030060326000030209601020000
+000831060326000030209601020000
+001330060326000030209601930000
+001430060326000030209602930000
+001930060326000030209601930000
+002030060326000030209602930000
+000000070326000030209601020000
+000933070326000030209601020000
+001421070326000030209601930000
+001520070326000030209602930000
+001900070326000030209601930000
+002001070326000030209602930000
+002246070326000030209601020000
+001210020326000030209801020000
+001744020326000030209801930000
+001845020326000030209802930000
+000106030326000030209801930000
+000206030326000030209802930000
+000207030326000030209801020000
+001006030326000030209801020000
+001542030326000030209801930000
+001645030326000030209802930000
+002110030326000030209801930000
+002215030326000030209802930000
+002308030326000030209801020000
+001130050326000030209801020000
+001611050326000030209801930000
+001718050326000030209802930000
+002308050326000030209801930000
+000010060326000030209802930000
+000025060326000030209801020000
+001126060326000030209801020000
+001606060326000030209801930000
+001708060326000030209802930000
+002230060326000030209801930000
+002345060326000030209802930000
+000242070326000030209801020000
+001100070326000030209801020000
+001606070326000030209801930000
+001718070326000030209802930000
+002135070326000030209801930000
+002235070326000030209802930000
+000108080326000030209801020000
+001657020326000030210501020000
+002136020326000030210501930000
+002234020326000030210502930000
+000322030326000030210501930000
+000422030326000030210502930000
+000601030326000030210501020000
+001655030326000030210501020000
+002159030326000030210501930000
+002301030326000030210502930000
+000214040326000030210501020000
+001656040326000030210501020000
+002200040326000030210501930000
+002300040326000030210502930000
+000213050326000030210501020000
+001653050326000030210501020000
+002203050326000030210501930000
+002300050326000030210502930000
+000214060326000030210501020000
+001700060326000030210501020000
+002201060326000030210501930000
+002303060326000030210502930000
+000219070326000030210501020000
+001658020326000030210701020000
+002200020326000030210701930000
+002300020326000030210702930000
+000430030326000030210701930000
+000530030326000030210702930000
+000600030326000030210701020000
+001400030326000030210701020000
+001900030326000030210701930000
+002000030326000030210702930000
+000120040326000030210701930000
+000220040326000030210702930000
+000300040326000030210701020000
+001400040326000030210701020000
+001900040326000030210701930000
+002000040326000030210702930000
+000120050326000030210701930000
+000220050326000030210702930000
+000300050326000030210701020000
+001400050326000030210701020000
+001900050326000030210701930000
+002000050326000030210702930000
+000100060326000030210701930000
+000200060326000030210702930000
+000300060326000030210701020000
+001400060326000030210701020000
+001900060326000030210701930000
+002000060326000030210702930000
+000100070326000030210701930000
+000200070326000030210702930000
+000805070326000030210701930000
+000905070326000030210702930000
+001000070326000030210701020000
+000600020326000030210801020000
+001221020326000030210801930000
+001331020326000030210802930000
+001820020326000030210801930000
+001920020326000030210802930000
+002100020326000030210801020000
+000802030326000030210801020000
+001323030326000030210801930000
+001429030326000030210802930000
+001832030326000030210801020000
+000538040326000030210801020000
+001100040326000030210801930000
+001203040326000030210802930000
+001803040326000030210801930000
+001903040326000030210802930000
+002035040326000030210801020000
+000730050326000030210801020000
+001236050326000030210801930000
+001336050326000030210802930000
+001831050326000030210801020000
+000453060326000030210801020000
+001002060326000030210801930000
+001102060326000030210802930000
+001601060326000030210801930000
+001701060326000030210802930000
+001933060326000030210801020000
+000556070326000030210801020000
+001126070326000030210801930000
+001225070326000030210802930000
+001656070326000030210801020000
+001158020326000030211301020000
+001738020326000030211301930000
+001840020326000030211302930000
+002224020326000030211301930000
+002324020326000030211302930000
+000157030326000030211301020000
+001258030326000030211301020000
+001903030326000030211301930000
+002007030326000030211302930000
+002356030326000030211301020000
+001206040326000030211301020000
+001702040326000030211301930000
+001802040326000030211302930000
+002148040326000030211301020000
+001058050326000030211301020000
+001551050326000030211301930000
+001700050326000030211302930000
+002110050326000030211301930000
+002214050326000030211302930000
+000205060326000030211301020000
+001312060326000030211301020000
+001859060326000030211301930000
+002001060326000030211302930000
+002256060326000030211301020000
+001658020326000030211901020000
+002322020326000030211901930000
+000024030326000030211901930000
+000214030326000030211902020000
+001659030326000030211901020000
+002308030326000030211901930000
+000008040326000030211902930000
+000431040326000030211901930000
+000530040326000030211902930000
+000705040326000030211901020000
+001800040326000030211901020000
+002332040326000030211901930000
+000032050326000030211902930000
+000215050326000030211901020000
+001701050326000030211901020000
+002240050326000030211901930000
+002340050326000030211902930000
+000213060326000030211901020000
+001659020326000030212001020000
+002200020326000030212001930000
+002300020326000030212002930000
+000214030326000030212001020000
+001556030326000030212001020000
+002210030326000030212001930000
+002311030326000030212002930000
+000213040326000030212001020000
+001657040326000030212001020000
+002339040326000030212001930000
+000040050326000030212002930000
+000213050326000030212001020000
+001456050326000030212001020000
+002244050326000030212001930000
+002347050326000030212002930000
+000213060326000030212001020000
+001700060326000030212001020000
+002230060326000030212001930000
+002330060326000030212002930000
+000413070326000030212001020000
+002000080326000030212001020000
+000100090326000030212001930000
+000200090326000030212002930000
+000700090326000030212001930000
+000800090326000030212002930000
+000902090326000030212001020000
+001147020326000030212601020000
+001757020326000030212601930000
+001857020326000030212602930000
+000045030326000030212601020000
+001100030326000030212601020000
+001800030326000030212601930000
+001900030326000030212602930000
+002357030326000030212601020000
+001203040326000030212601020000
+001601040326000030212601930000
+001701040326000030212602930000
+002203040326000030212601930000
+002300040326000030212602930000
+000001050326000030212601020000
+001059050326000030212601020000
+001739050326000030212601930000
+001847050326000030212602930000
+002154050326000030212601020000
+001146060326000030212601020000
+001700060326000030212601930000
+001800060326000030212602930000
+002208060326000030212601930000
+002304060326000030212602930000
+001022070326000030212601020000
+001216020326000030213801020000
+001711020326000030213801930000
+001811020326000030213802930000
+002150020326000030213801020000
+001157050326000030213801020000
+001700050326000030213801930000
+001759050326000030213802930000
+002324050326000030213801020000
+001158060326000030213801020000
+001701060326000030213801930000
+001800060326000030213802930000
+002124060326000030213801020000
+001357020326000030218101020000
+001920020326000030218101930000
+002021020326000030218102930000
+002331020326000030218101020000
+001350030326000030218101020000
+001930030326000030218101930000
+002030030326000030218102930000
+002332030326000030218101020000
+001350040326000030218101020000
+001917040326000030218101930000
+002018040326000030218102930000
+002330040326000030218101020000
+001353050326000030218101020000
+001912050326000030218101930000
+002012050326000030218102930000
+002332050326000030218101020000
+001319060326000030218101020000
+001906060326000030218101930000
+002007060326000030218102930000
+002255060326000030218101020000
+001458020326000030219901020000
+002126020326000030219901930000
+002234020326000030219902930000
+000308030326000030219901020000
+001500030326000030219901020000
+002057030326000030219901930000
+002200030326000030219902930000
+000028040326000030219901020000
+001458040326000030219901020000
+002003040326000030219901930000
+002103040326000030219902930000
+000029050326000030219901020000
+001500050326000030219901020000
+002001050326000030219901930000
+002101050326000030219902930000
+002232050326000030219901020000
+001500060326000030219901020000
+002045060326000030219901930000
+002146060326000030219902930000
+000030070326000030219901020000
+001657020326000030220001020000
+002200020326000030220001930000
+002301020326000030220002930000
+000214030326000030220001020000
+001655030326000030220001020000
+002200030326000030220001930000
+002301030326000030220002930000
+000214040326000030220001020000
+001655040326000030220001020000
+002200040326000030220001930000
+002300040326000030220002930000
+000213050326000030220001020000
+001704050326000030220001020000
+002200050326000030220001930000
+002300050326000030220002930000
+000300060326000030220001930000
+000400060326000030220002930000
+000600060326000030220001020000
+001700060326000030220001020000
+002115060326000030220001930000
+002215060326000030220002930000
+000219070326000030220001020000
+002110020326000030220101020000
+000113030326000030220101930000
+000214030326000030220102930000
+000600030326000030220101020000
+002111030326000030220101020000
+000101040326000030220101930000
+000201040326000030220102930000
+000601040326000030220101020000
+002111040326000030220101020000
+000100050326000030220101930000
+000200050326000030220102930000
+000700050326000030220101930000
+000800050326000030220102930000
+000930050326000030220101020000
+002110050326000030220101020000
+000100060326000030220101930000
+000200060326000030220102930000
+000601060326000030220101020000
+002111060326000030220101020000
+000223070326000030220101930000
+000321070326000030220102930000
+000600070326000030220101020000
+002111020326000030220201020000
+000114030326000030220201930000
+000215030326000030220202930000
+000600030326000030220201020000
+002111030326000030220201020000
+000138040326000030220201930000
+000233040326000030220202930000
+000600040326000030220201020000
+002110040326000030220201020000
+000200050326000030220201930000
+000300050326000030220202930000
+000623050326000030220201020000
+002111050326000030220201020000
+000210060326000030220201930000
+000310060326000030220202930000
+000600060326000030220201020000
+002111060326000030220201020000
+000057070326000030220201930000
+000159070326000030220202930000
+000600070326000030220201020000
+001457020326000030220301020000
+001900020326000030220301930000
+002000020326000030220302930000
+000257030326000030220301930000
+000357030326000030220302930000
+000400030326000030220301020000
+001537030326000030220301020000
+001908030326000030220301930000
+002008030326000030220302930000
+002338030326000030220301020000
+001459040326000030220301020000
+001901040326000030220301930000
+002004040326000030220302930000
+000210050326000030220301020000
+001502050326000030220301020000
+001903050326000030220301930000
+002003050326000030220302930000
+000100060326000030220301930000
+000200060326000030220302930000
+000250060326000030220301020000
+001508060326000030220301020000
+001900060326000030220301930000
+002000060326000030220302930000
+000339070326000030220301020000
+001500070326000030220301020000
+001900070326000030220301930000
+002000070326000030220302930000
+000035080326000030220301020000
+001457020326000030220501020000
+001916020326000030220501930000
+002016020326000030220502930000
+000141030326000030220501020000
+001455030326000030220501020000
+002016030326000030220501930000
+002115030326000030220502930000
+000029040326000030220501020000
+001458040326000030220501020000
+002000040326000030220501930000
+002105040326000030220502930000
+000029050326000030220501020000
+001456050326000030220501020000
+002000050326000030220501930000
+002101050326000030220502930000
+000601060326000030220501020000
+001700060326000030220501020000
+002200060326000030220501930000
+002300060326000030220502930000
+000218070326000030220501020000
+001500020326000030220601020000
+002000020326000030220601930000
+002100020326000030220602930000
+000028030326000030220601020000
+001234030326000030220601020000
+001738030326000030220601930000
+001838030326000030220602930000
+002207030326000030220601020000
+001200040326000030220601020000
+001722040326000030220601930000
+001822040326000030220602930000
+002301040326000030220601930000
+000001050326000030220602930000
+000303050326000030220601020000
+001500050326000030220601020000
+002035050326000030220601930000
+002135050326000030220602930000
+000028060326000030220601020000
+001100060326000030220601020000
+001641060326000030220601930000
+001740060326000030220602930000
+002136060326000030220601020000
+000800070326000030220601020000
+001200070326000030220601930000
+001300070326000030220602930000
+001741070326000030220601930000
+001845070326000030220602930000
+002125070326000030220601020000
+000601020326000030220801020000
+001010020326000030220801930000
+001112020326000030220802930000
+001731020326000030220801020000
+000700030326000030220801020000
+001100030326000030220801930000
+001200030326000030220802930000
+001905030326000030220801020000
+001000040326000030220801020000
+001400040326000030220801930000
+001500040326000030220802930000
+002000040326000030220801930000
+002100040326000030220802930000
+002232040326000030220801020000
+000930050326000030220801020000
+001334050326000030220801930000
+001434050326000030220802930000
+001934050326000030220801930000
+002035050326000030220802930000
+000030060326000030220801020000
+001130060326000030220801020000
+001530060326000030220801930000
+001630060326000030220802930000
+002100060326000030220801020000
+000700070326000030220801020000
+001100070326000030220801930000
+001200070326000030220802930000
+001700070326000030220801930000
+001800070326000030220802930000
+002048070326000030220801020000
