+000556050126000030107001020000
+001100050126000030107001930000
+001157050126000030107002930000
+001720050126000030107001020000
+000443060126000030107001020000
+001001060126000030107001930000
+001058060126000030107002930000
+001652060126000030107001020000
+000551070126000030107001020000
+001045070126000030107001930000
+001144070126000030107002930000
+001550070126000030107001020000
+000554080126000030107001020000
+001029080126000030107001930000
+001128080126000030107002930000
+001736080126000030107001020000
+000557090126000030107001020000
+001037090126000030107001930000
+001135090126000030107002930000
+001548090126000030107001020000
+000642060126000030107501020000
+001106060126000030107501930000
+001209060126000030107502930000
+001805060126000030107501930000
+001904060126000030107502930000
+002247060126000030107501020000
+000950070126000030107501020000
+001147070126000030107501930000
+001245070126000030107502930000
+001743070126000030107501930000
+001841070126000030107502930000
+002045070126000030107501020000
+000750080126000030107501020000
+001104080126000030107501930000
+001202080126000030107502930000
+001720080126000030107501930000
+001820080126000030107502930000
+002121080126000030107501020000
+000824090126000030107501020000
+001130090126000030107501930000
+001229090126000030107502930000
+001730090126000030107501930000
+001828090126000030107502930000
+002114090126000030107501020000
+000843100126000030107501020000
+001125100126000030107501930000
+001227100126000030107502930000
+001716100126000030107501020000
+000759070126000030138801020000
+001200070126000030138801930000
+001300070126000030138802930000
+001748070126000030138801020000
+000800080126000030138801020000
+001215080126000030138801930000
+001315080126000030138802930000
+001748080126000030138801020000
+000800090126000030138801020000
+001200090126000030138801930000
+001300090126000030138802930000
+001748090126000030138801020000
+000552050126000030141201020000
+001111050126000030141201930000
+001211050126000030141202930000
+001715050126000030141201020000
+001008060126000030141201020000
+001500060126000030141201930000
+001600060126000030141202930000
+002110060126000030141201020000
+000946070126000030141201020000
+001415070126000030141201930000
+001515070126000030141202930000
+002030070126000030141201930000
+002130070126000030141202930000
+002340070126000030141201020000
+001025080126000030141201020000
+001640080126000030141201930000
+001740080126000030141202930000
+002100080126000030141201930000
+002200080126000030141202930000
+000006090126000030141201020000
+001104090126000030141201020000
+001722090126000030141201930000
+001822090126000030141202930000
+002100090126000030141201020000
+002112050126000030156801020000
+000100060126000030156801930000
+000200060126000030156802930000
+000600060126000030156801020000
+002300060126000030156801020000
+000140070126000030156801930000
+000240070126000030156802930000
+000920070126000030156801020000
+002057070126000030156801020000
+000005080126000030156801930000
+000103080126000030156802930000
+000600080126000030156801020000
+002054080126000030156801020000
+000122090126000030156801930000
+000220090126000030156802930000
+000600090126000030156801020000
+002110090126000030156801020000
+000329100126000030156801930000
+000434100126000030156802930000
+001603100126000030156801020000
+000559060126000030158501020000
+001122060126000030158501930000
+001220060126000030158502930000
+001649060126000030158501020000
+000549070126000030158501020000
+001200070126000030158501930000
+001300070126000030158502930000
+001649070126000030158501020000
+000523080126000030158501020000
+001200080126000030158501930000
+001308080126000030158502930000
+001750080126000030158501020000
+000522090126000030158501020000
+001230090126000030158501930000
+001333090126000030158502930000
+001623090126000030158501020000
+000609100126000030158501020000
+001301100126000030158501930000
+001400100126000030158502930000
+001850100126000030158501020000
+000601050126000030158701020000
+001031050126000030158701930000
+001144050126000030158702930000
+001549050126000030158701020000
+000633060126000030158701020000
+001100060126000030158701930000
+001200060126000030158702930000
+001706060126000030158701930000
+001805060126000030158702930000
+001959060126000030158701020000
+000704070126000030158701020000
+001100070126000030158701930000
+001200070126000030158702930000
+001702070126000030158701930000
+001805070126000030158702930000
+002001070126000030158701020000
+000701080126000030158701020000
+001100080126000030158701930000
+001202080126000030158702930000
+001805080126000030158701930000
+001907080126000030158702930000
+002153080126000030158701020000
+000902090126000030158701020000
+001301090126000030158701930000
+001403090126000030158702930000
+001900090126000030158701930000
+002010090126000030158702930000
+002214090126000030158701020000
+000922100126000030158701020000
+001324100126000030158701930000
+001437100126000030158702930000
+002231100126000030158701020000
+001157050126000030160601020000
+001735050126000030160601930000
+001841050126000030160602930000
+002322050126000030160601020000
+001156060126000030160601020000
+001701060126000030160601930000
+001800060126000030160602930000
+002150060126000030160601020000
+001156070126000030160601020000
+001648070126000030160601930000
+001751070126000030160602930000
+002150070126000030160601020000
+001159080126000030160601020000
+001630080126000030160601930000
+001733080126000030160602930000
+002201080126000030160601930000
+002301080126000030160602930000
+002302080126000030160601020000
+001005090126000030160601020000
+001640090126000030160601930000
+001740090126000030160602930000
+001949090126000030160601020000
+000655050126000030164301020000
+001130050126000030164301930000
+001229050126000030164302930000
+001648050126000030164301020000
+000653060126000030164301020000
+001200060126000030164301930000
+001346060126000030164302930000
+001648060126000030164301020000
+000651070126000030164301020000
+001131070126000030164301930000
+001228070126000030164302930000
+001648070126000030164301020000
+000653080126000030164301020000
+001130080126000030164301930000
+001229080126000030164302930000
+001648080126000030164301020000
+000635090126000030164301020000
+001130090126000030164301930000
+001229090126000030164302930000
+001648090126000030164301020000
+000701070126000030174701020000
+001100070126000030174701930000
+001200070126000030174702930000
+001920070126000030174701930000
+002020070126000030174702930000
+002233070126000030174701020000
+000954080126000030174701020000
+001344080126000030174701930000
+001526080126000030174702930000
+002103080126000030174701020000
+000758090126000030174701020000
+001420090126000030174701930000
+001520090126000030174702930000
+002029090126000030174701930000
+002129090126000030174702930000
+000356100126000030174701020000
+000551050126000030180901020000
+001155050126000030180901930000
+001255050126000030180902930000
+001803050126000030180901020000
+000549060126000030180901020000
+001126060126000030180901930000
+001231060126000030180902930000
+001900060126000030180901020000
+000559070126000030180901020000
+001100070126000030180901930000
+001159070126000030180902930000
+001548070126000030180901020000
+000546080126000030180901020000
+001100080126000030180901930000
+001212080126000030180902930000
+001833080126000030180901020000
+000602090126000030180901020000
+001200090126000030180901930000
+001300090126000030180902930000
+001548090126000030180901020000
+000546100126000030180901020000
+001141100126000030180901930000
+001241100126000030180902930000
+001606100126000030180901020000
+000550050126000030181101020000
+001000050126000030181101930000
+001101050126000030181102930000
+001700050126000030181101930000
+001805050126000030181102930000
+001900050126000030181101020000
+000605060126000030181101020000
+001010060126000030181101930000
+001111060126000030181102930000
+001548060126000030181101020000
+000559070126000030181101020000
+001000070126000030181101930000
+001101070126000030181102930000
+001721070126000030181101020000
+000558080126000030181101020000
+001000080126000030181101930000
+001100080126000030181102930000
+001548080126000030181101020000
+000602090126000030181101020000
+001008090126000030181101930000
+001108090126000030181102930000
+001548090126000030181101020000
+000551050126000030182001020000
+001029050126000030182001930000
+001129050126000030182002930000
+001743050126000030182001020000
+000547060126000030182001020000
+001035060126000030182001930000
+001135060126000030182002930000
+001719060126000030182001930000
+001820060126000030182002930000
+002057060126000030182001020000
+000750070126000030182001020000
+001258070126000030182001930000
+001359070126000030182002930000
+001900070126000030182001020000
+000554080126000030182001020000
+001029080126000030182001930000
+001132080126000030182002930000
+001549080126000030182001020000
+000556090126000030182001020000
+001051090126000030182001930000
+001150090126000030182002930000
+001620090126000030182001020000
+000545100126000030182001020000
+001058100126000030182001930000
+001200100126000030182002930000
+001311100126000030182001020000
+000658050126000030182301020000
+001100050126000030182301930000
+001159050126000030182302930000
+001648050126000030182301020000
+000658060126000030182301020000
+001130060126000030182301930000
+001230060126000030182302930000
+001648060126000030182301020000
+000658070126000030182301020000
+001130070126000030182301930000
+001230070126000030182302930000
+001648070126000030182301020000
+000702080126000030182301020000
+001130080126000030182301930000
+001229080126000030182302930000
+001728080126000030182301020000
+000657090126000030182301020000
+001100090126000030182301930000
+001159090126000030182302930000
+001648090126000030182301020000
+000550100126000030182301020000
+001115100126000030182301930000
+001214100126000030182302930000
+001802100126000030182301020000
+001010070126000030182401020000
+001659070126000030182401930000
+001759070126000030182402930000
+002041070126000030182401020000
+000716080126000030182401020000
+001130080126000030182401930000
+001230080126000030182402930000
+001711080126000030182401020000
+001017090126000030182401020000
+001520090126000030182401930000
+001622090126000030182402930000
+002005090126000030182401020000
+000630100126000030182401020000
+001142100126000030182401930000
+001241100126000030182402930000
+001532100126000030182401020000
+000544050126000030182601020000
+001200050126000030182601930000
+001300050126000030182602930000
+001756050126000030182601020000
+000546060126000030182601020000
+001100060126000030182601930000
+001200060126000030182602930000
+001600060126000030182601930000
+001700060126000030182601930000
+001916060126000030182602020000
+000550070126000030182601020000
+001102070126000030182601930000
+001202070126000030182602930000
+001604070126000030182601930000
+001700070126000030182602930000
+001918070126000030182601020000
+000541080126000030182601020000
+001100080126000030182601930000
+001201080126000030182602930000
+001548080126000030182601020000
+000552090126000030182601020000
+001100090126000030182601930000
+001201090126000030182602930000
+001548090126000030182601020000
+000555100126000030182601020000
+001141100126000030182601930000
+001241100126000030182602930000
+001530100126000030182601020000
+000549050126000030182801020000
+001202050126000030182801930000
+001301050126000030182802930000
+001558050126000030182801020000
+000553060126000030182801020000
+001221060126000030182801930000
+001313060126000030182802930000
+001550060126000030182801020000
+000551070126000030182801020000
+001202070126000030182801930000
+001257070126000030182802930000
+001548070126000030182801020000
+000550080126000030182801020000
+001157080126000030182801930000
+001259080126000030182802930000
+001803080126000030182801020000
+000545090126000030182801020000
+001201090126000030182801930000
+001257090126000030182802930000
+001605090126000030182801020000
+000600050126000030183301020000
+001130050126000030183301930000
+001230050126000030183302930000
+001620050126000030183301020000
+000600060126000030183301020000
+001100060126000030183301930000
+001201060126000030183302930000
+001751060126000030183301020000
+000610070126000030183301020000
+001113070126000030183301930000
+001213070126000030183302930000
+001800070126000030183301930000
+001900070126000030183302930000
+002000070126000030183301020000
+000710080126000030183301020000
+001142080126000030183301930000
+001242080126000030183302930000
+001954080126000030183301020000
+000706090126000030183301020000
+001220090126000030183301930000
+001320090126000030183302930000
+001708090126000030183301020000
+000954060126000030183501020000
+001430060126000030183501930000
+001530060126000030183502930000
+002016060126000030183501020000
+000951070126000030183501020000
+001500070126000030183501930000
+001600070126000030183502930000
+001948070126000030183501020000
+000914080126000030183501020000
+001400080126000030183501930000
+001500080126000030183502930000
+001945080126000030183501020000
+000920090126000030183501020000
+001435090126000030183501930000
+001535090126000030183502930000
+001900090126000030183501020000
+000629050126000030185101020000
+001130050126000030185101930000
+001229050126000030185102930000
+001719050126000030185101020000
+000656060126000030185101020000
+001240060126000030185101930000
+001338060126000030185102930000
+001830060126000030185101930000
+001928060126000030185102930000
+002355060126000030185101020000
+001115070126000030185101020000
+001600070126000030185101930000
+001658070126000030185102930000
+002201070126000030185101020000
+000901080126000030185101020000
+001300080126000030185101930000
+001400080126000030185102930000
+001850080126000030185101020000
+000726090126000030185101020000
+001230090126000030185101930000
+001328090126000030185102930000
+001720090126000030185101020000
+000556100126000030185101020000
+001100100126000030185101930000
+001159100126000030185102930000
+001730100126000030185101930000
+001828100126000030185102930000
+002200100126000030185101020000
+000556050126000030185301020000
+001100050126000030185301930000
+001200050126000030185302930000
+001550050126000030185301020000
+000544060126000030185301020000
+001101060126000030185301930000
+001200060126000030185302930000
+001548060126000030185301020000
+000545070126000030185301020000
+001030070126000030185301930000
+001130070126000030185302930000
+001548070126000030185301020000
+000546080126000030185301020000
+001100080126000030185301930000
+001201080126000030185302930000
+001735080126000030185301930000
+001835080126000030185302930000
+002024080126000030185301020000
+000725090126000030185301020000
+001200090126000030185301930000
+001300090126000030185302930000
+001549090126000030185301020000
+000748070126000030186301020000
+001102070126000030186301930000
+001205070126000030186302930000
+002024070126000030186301020000
+000831080126000030186301020000
+001435080126000030186301930000
+001535080126000030186302930000
+001925080126000030186301020000
+000821090126000030186301020000
+001218090126000030186301930000
+001319090126000030186302930000
+001826090126000030186301020000
+000100050126000030186401020000
+000500050126000030186401930000
+000600050126000030186402930000
+001222050126000030186401020000
+000100060126000030186401020000
+000406060126000030186401930000
+000506060126000030186402930000
+001231060126000030186401020000
+000100070126000030186401020000
+000409070126000030186401930000
+000510070126000030186402930000
+001238070126000030186401020000
+000100080126000030186401020000
+000502080126000030186401930000
+000602080126000030186402930000
+001503080126000030186401020000
+000156090126000030186401020000
+000615090126000030186401930000
+000715090126000030186402930000
+001828090126000030186401020000
+000650050126000030186801020000
+001200050126000030186801930000
+001300050126000030186802930000
+001712050126000030186801020000
+000657060126000030186801020000
+001147060126000030186801930000
+001258060126000030186802930000
+001801060126000030186801020000
+000654070126000030186801020000
+001201070126000030186801930000
+001436070126000030186802930000
+001702070126000030186801020000
+000712080126000030186801020000
+001152080126000030186801930000
+001251080126000030186802930000
+001828080126000030186801020000
+000654090126000030186801020000
+001329090126000030186801930000
+001449090126000030186802930000
+001753090126000030186801020000
+000705100126000030186801020000
+001129100126000030186801930000
+001235100126000030186802930000
+001530100126000030186801020000
+000611050126000030186901020000
+001125050126000030186901930000
+001250050126000030186902930000
+001602050126000030186901020000
+000601060126000030186901020000
+001050060126000030186901930000
+001151060126000030186902930000
+001640060126000030186901020000
+000642070126000030186901020000
+001152070126000030186901930000
+001311070126000030186902930000
+002137070126000030186901020000
+000849080126000030186901020000
+001505080126000030186901930000
+001605080126000030186902930000
+002005080126000030186901930000
+002105080126000030186902930000
+002142080126000030186901020000
+000856090126000030186901020000
+001505090126000030186901930000
+001605090126000030186902930000
+002005090126000030186901930000
+002105090126000030186902930000
+002142090126000030186901020000
+000717100126000030186901020000
+001241100126000030186901930000
+001341100126000030186902930000
+001850100126000030186901020000
+000557050126000030187501020000
+001131050126000030187501930000
+001231050126000030187502930000
+001800050126000030187501930000
+001900050126000030187502930000
+002036050126000030187501020000
+000600060126000030187501020000
+001101060126000030187501930000
+001201060126000030187502930000
+001556060126000030187501020000
+000556070126000030187501020000
+001100070126000030187501930000
+001200070126000030187502930000
+001548070126000030187501020000
+000554080126000030187501020000
+001100080126000030187501930000
+001200080126000030187502930000
+001750080126000030187501930000
+001850080126000030187502930000
+002040080126000030187501020000
+000740090126000030187501020000
+001310090126000030187501930000
+001410090126000030187502930000
+001830090126000030187502020000
+000530100126000030187501020000
+001030100126000030187501930000
+001132100126000030187502930000
+001635100126000030187501020000
+000608050126000030187601020000
+001102050126000030187601930000
+001201050126000030187602930000
+001554050126000030187601020000
+000559060126000030187601020000
+001103060126000030187601930000
+001203060126000030187602930000
+001820060126000030187601020000
+000520070126000030187601020000
+001108070126000030187601930000
+001213070126000030187602930000
+001703070126000030187601020000
+000453080126000030187601020000
+001014080126000030187601930000
+001114080126000030187602930000
+001932080126000030187601020000
+000635090126000030187601020000
+001130090126000030187601930000
+001230090126000030187602930000
+002003090126000030187601020000
+000724060126000030191101020000
+001100060126000030191101930000
+001200060126000030191102930000
+001649060126000030191101020000
+000729070126000030191101020000
+001100070126000030191101930000
+001200070126000030191102930000
+001841070126000030191101020000
+000732080126000030191101020000
+001100080126000030191101930000
+001200080126000030191102930000
+001721080126000030191101020000
+000740090126000030191101020000
+001200090126000030191101930000
+001308090126000030191102930000
+001804090126000030191101020000
+000727050126000030191801020000
+001232050126000030191801930000
+001332050126000030191802930000
+001958050126000030191801020000
+000714060126000030191801020000
+001301060126000030191801930000
+001402060126000030191802930000
+001715060126000030191801020000
+000653070126000030191801020000
+001200070126000030191801930000
+001306070126000030191802930000
+001745070126000030191801930000
+001847070126000030191802930000
+002237070126000030191801020000
+000945080126000030191801020000
+001527080126000030191801930000
+001628080126000030191802930000
+001931080126000030191801020000
+000658090126000030191801020000
+001301090126000030191801930000
+001403090126000030191802930000
+001917090126000030191801020000
+000551050126000030192301020000
+001106050126000030192301930000
+001205050126000030192302930000
+001630050126000030192301020000
+000456060126000030192301020000
+001001060126000030192301930000
+001100060126000030192302930000
+001605060126000030192301020000
+000559070126000030192301020000
+001100070126000030192301930000
+001200070126000030192302930000
+001549070126000030192301020000
+000601080126000030192301020000
+001100080126000030192301930000
+001159080126000030192302930000
+001549080126000030192301020000
+000602090126000030192301020000
+001100090126000030192301930000
+001200090126000030192302930000
+001650090126000030192301020000
+000607100126000030192301020000
+001100100126000030192301930000
+001200100126000030192302930000
+001700100126000030192301930000
+001800100126000030192302930000
+002351100126000030192301020000
+002112050126000030192401020000
+000137060126000030192401930000
+000237060126000030192402930000
+000632060126000030192401930000
+000732060126000030192402930000
+001137060126000030192401020000
+002237060126000030192401020000
+000240070126000030192401930000
+000340070126000030192402930000
+000600070126000030192401020000
+002110070126000030192401020000
+000131080126000030192401930000
+000230080126000030192402930000
+000750080126000030192401930000
+000850080126000030192402930000
+001450080126000030192401020000
+002250080126000030192401020000
+000250090126000030192401930000
+000350090126000030192402930000
+000624090126000030192401020000
+002112090126000030192401020000
+000120100126000030192401930000
+000220100126000030192402930000
+000600100126000030192401020000
+000716050126000030193901020000
+001100050126000030193901930000
+001200050126000030193902930000
+001712050126000030193901020000
+000653060126000030193901020000
+001129060126000030193901930000
+001231060126000030193902930000
+001648060126000030193901020000
+000652070126000030193901020000
+001200070126000030193901930000
+001300070126000030193902930000
+001648070126000030193901020000
+000646080126000030193901020000
+001200080126000030193901930000
+001300080126000030193902930000
+001646080126000030193901020000
+000654090126000030193901020000
+001219090126000030193901930000
+001320090126000030193902930000
+001652090126000030193901020000
+000824060126000030194501020000
+001110060126000030194501930000
+001210060126000030194502930000
+001810060126000030194501930000
+001910060126000030194502930000
+001928060126000030194501020000
+000628070126000030194501020000
+001125070126000030194501930000
+001225070126000030194502930000
+001930070126000030194501930000
+002030070126000030194502930000
+002040070126000030194501020000
+000740080126000030194501020000
+001855080126000030194501930000
+001957080126000030194502930000
+002140080126000030194501020000
+000542090126000030194501020000
+001110090126000030194501930000
+001207090126000030194502930000
+001625090126000030194501930000
+000240100126000030194501020000
+000650100126000030194501930000
+000746100126000030194502930000
+001239100126000030194501930000
+001341100126000030194502930000
+001738100126000030194501020000
+000559050126000030195401020000
+001745050126000030195401930000
+001845050126000030195402930000
+001940050126000030195401020000
+000640060126000030195401020000
+001220060126000030195401930000
+001320060126000030195402930000
+001610060126000030195401020000
+000556070126000030195401020000
+001130070126000030195401930000
+001230070126000030195402930000
+001521070126000030195401020000
+000555080126000030195401020000
+001314080126000030195401930000
+001416080126000030195402930000
+001549080126000030195401020000
+000554090126000030195401020000
+001113090126000030195401930000
+001225090126000030195402930000
+001543090126000030195401020000
+000625100126000030195401020000
+001130100126000030195401930000
+001230100126000030195402930000
+001715100126000030195401020000
+000200050126000030195501020000
+000750050126000030195501930000
+000918050126000030195502930000
+001400050126000030195501020000
+000203060126000030195501020000
+000625060126000030195501930000
+000725060126000030195502930000
+001220060126000030195501020000
+000200070126000030195501020000
+000620070126000030195501930000
+000725070126000030195502930000
+001421070126000030195501020000
+000210080126000030195501020000
+000705080126000030195501930000
+000805080126000030195502930000
+001100080126000030195501020000
+000203090126000030195501020000
+000715090126000030195501930000
+000950090126000030195502930000
+001310090126000030195501020000
+000631100126000030195501020000
+001030100126000030195501930000
+001130100126000030195502930000
+001341100126000030195501020000
+000600050126000030196901020000
+001100050126000030196901930000
+001200050126000030196902930000
+001949050126000030196901020000
+000800060126000030196901020000
+001200060126000030196901930000
+001300060126000030196902930000
+001900060126000030196901020000
+000600070126000030196901020000
+001300070126000030196901930000
+001400070126000030196902930000
+002300070126000030196901020000
+000907080126000030196901020000
+001300080126000030196901930000
+001400080126000030196902930000
+001900080126000030196901930000
+002000080126000030196902930000
+002001080126000030196901020000
+000700090126000030196901020000
+001200090126000030196901930000
+001300090126000030196902930000
+001706090126000030196901020000
+000800100126000030196901020000
+001200100126000030196901930000
+001300100126000030196902930000
+001950100126000030196901930000
+002050100126000030196902930000
+002313100126000030196901020000
+001148060126000030198101020000
+001709060126000030198101930000
+001810060126000030198102930000
+002148060126000030198101020000
+001207070126000030198101020000
+001707070126000030198101930000
+001807070126000030198102930000
+002300070126000030198101930000
+002359070126000030198102930000
+000100080126000030198101020000
+001847080126000030198102930000
+002133080126000030198101020000
+000940090126000030198101020000
+001400090126000030198101930000
+001509090126000030198102930000
+002110090126000030198101930000
+002153090126000030198102930000
+000020100126000030198101020000
+001439070126000030198501020000
+001859070126000030198501930000
+002001070126000030198502930000
+002151070126000030198501020000
+001440080126000030198501020000
+001930080126000030198501930000
+002031080126000030198502930000
+000032090126000030198501020000
+001438090126000030198501020000
+001908090126000030198501930000
+002020090126000030198502930000
+002306090126000030198501020000
+000600050126000030199101020000
+001200050126000030199101930000
+001300050126000030199102930000
+001603050126000030199101020000
+000558060126000030199101020000
+001213060126000030199101930000
+001313060126000030199102930000
+001548060126000030199101020000
+000604070126000030199101020000
+001101070126000030199101930000
+001201070126000030199102930000
+001922070126000030199101930000
+002015070126000030199102930000
+002213070126000030199101020000
+000930080126000030199101020000
+001400080126000030199101930000
+001500080126000030199102930000
+001930080126000030199101020000
+000629090126000030199101020000
+001107090126000030199101930000
+001207090126000030199102930000
+001751090126000030199101930000
+001844090126000030199102930000
+001928090126000030199101020000
+000600060126000030199201020000
+001100060126000030199201930000
+001200060126000030199202930000
+001551060126000030199201020000
+000557070126000030199201020000
+001108070126000030199201930000
+001208070126000030199202930000
+001549070126000030199201020000
+000514080126000030199201020000
+001214080126000030199201930000
+001318080126000030199202930000
+001934080126000030199201930000
+002034080126000030199202930000
+002333080126000030199201020000
+001034090126000030199201020000
+001520090126000030199201930000
+001620090126000030199202930000
+002200090126000030199201930000
+002300090126000030199202930000
+000502100126000030199201020000
+000614050126000030200501020000
+001100050126000030200501930000
+001200050126000030200502930000
+001548050126000030200501020000
+000600060126000030200501020000
+001217060126000030200501930000
+001317060126000030200502930000
+001600060126000030200501020000
+000847080126000030200501020000
+001157080126000030200501930000
+001227080126000030200502930000
+001620080126000030200501020000
+000628090126000030200501020000
+001009090126000030200501930000
+001107090126000030200502930000
+001557090126000030200501020000
+000659050126000030200601020000
+001205050126000030200601930000
+001305050126000030200602930000
+001650050126000030200601020000
+000702060126000030200601020000
+001213060126000030200601930000
+001313060126000030200602930000
+001648060126000030200601020000
+000700070126000030200601020000
+001203070126000030200601930000
+001303070126000030200602930000
+001753070126000030200601020000
+000700080126000030200601020000
+001200080126000030200601930000
+001300080126000030200602930000
+001646080126000030200601020000
+000700090126000030200601020000
+001200090126000030200601930000
+001300090126000030200602930000
+001649090126000030200601020000
+000555050126000030200801020000
+001116050126000030200801930000
+001216050126000030200802930000
+002226050126000030200801020000
+001006060126000030200801020000
+001426060126000030200801930000
+001526060126000030200802930000
+002143060126000030200801020000
+000901070126000030200801020000
+001325070126000030200801930000
+001425070126000030200802930000
+001852070126000030200801020000
+000720080126000030200801020000
+001148080126000030200801930000
+001248080126000030200802930000
+001754080126000030200801020000
+000500090126000030200801020000
+001230090126000030200801930000
+001329090126000030200802930000
+001606090126000030200801020000
+000722050126000030201601020000
+001246050126000030201601930000
+001347050126000030201602930000
+001718050126000030201601020000
+000718060126000030201601020000
+001200060126000030201601930000
+001300060126000030201602930000
+001800060126000030201601930000
+001900060126000030201602930000
+002328060126000030201601020000
+001000070126000030201601020000
+002100070126000030201601930000
+002200070126000030201602930000
+002336070126000030201601020000
+001034080126000030201601020000
+001530080126000030201601930000
+001630080126000030201602930000
+002205080126000030201601020000
+000856090126000030201601020000
+001546090126000030201601930000
+001646090126000030201602930000
+001847090126000030201601020000
+000733100126000030201601020000
+001206100126000030201601930000
+001302100126000030201602930000
+001859100126000030201601930000
+002000100126000030201602930000
+002133100126000030201601020000
+000558050126000030202101020000
+001117050126000030202101930000
+001217050126000030202102930000
+001857050126000030202101020000
+000556060126000030202101020000
+001057060126000030202101930000
+001200060126000030202102930000
+001549060126000030202101020000
+000557070126000030202101020000
+001100070126000030202101930000
+001158070126000030202102930000
+001700070126000030202101930000
+001800070126000030202102930000
+001915070126000030202101020000
+000609080126000030202101020000
+001100080126000030202101930000
+001200080126000030202102930000
+001548080126000030202101020000
+000606090126000030202101020000
+001100090126000030202101930000
+001200090126000030202102930000
+001708090126000030202101020000
+000652050126000030203001020000
+001201050126000030203001930000
+001303050126000030203002930000
+001718050126000030203001020000
+000648060126000030203001020000
+001159060126000030203001930000
+001302060126000030203002930000
+001718060126000030203001020000
+000648070126000030203001020000
+001207070126000030203001930000
+001316070126000030203002930000
+001724070126000030203001020000
+000601080126000030203001020000
+001100080126000030203001930000
+001204080126000030203002930000
+001644080126000030203001020000
+000340090126000030203001020000
+000900090126000030203001930000
+001001090126000030203002930000
+001646090126000030203001930000
+001753090126000030203002930000
+002000090126000030203001020000
+000701100126000030203001020000
+001201100126000030203001930000
+001302100126000030203002930000
+001534100126000030203001020000
+000700050126000030203901020000
+001219050126000030203901930000
+001322050126000030203902930000
+001709050126000030203901020000
+000557060126000030203901020000
+001102060126000030203901930000
+001200060126000030203902930000
+001650060126000030203901020000
+000657070126000030203901020000
+001145070126000030203901930000
+001249070126000030203902930000
+001805070126000030203901020000
+000659080126000030203901020000
+001100080126000030203901930000
+001200080126000030203902930000
+002043080126000030203901020000
+000739090126000030203901020000
+001246090126000030203901930000
+001343090126000030203902930000
+001732090126000030203901020000
+000601050126000030204001020000
+001110050126000030204001930000
+001210050126000030204002930000
+001755050126000030204001020000
+000459060126000030204001020000
+001100060126000030204001930000
+001200060126000030204002930000
+001700060126000030204001930000
+001800060126000030204002930000
+001900060126000030204001020000
+000600070126000030204001020000
+001100070126000030204001930000
+001205070126000030204002930000
+001703070126000030204001930000
+001800070126000030204002930000
+001900070126000030204001020000
+000600080126000030204001020000
+001100080126000030204001930000
+001202080126000030204002930000
+001600080126000030204001020000
+000601090126000030204001020000
+001100090126000030204001930000
+001200090126000030204002930000
+001715090126000030204001020000
+000558100126000030204001020000
+001100100126000030204001930000
+001201100126000030204002930000
+001740100126000030204001020000
+000557070126000030205701020000
+001108070126000030205701930000
+001207070126000030205702930000
+001702070126000030205701930000
+001801070126000030205702930000
+001900070126000030205701020000
+000559080126000030205701020000
+001121080126000030205701930000
+001224080126000030205702930000
+001700080126000030205701930000
+001800080126000030205702930000
+001930080126000030205701020000
+000630090126000030205701020000
+001131090126000030205701930000
+001232090126000030205702930000
+001830090126000030205701020000
+000540090126000030206001020000
+001158090126000030206001930000
+001259090126000030206002930000
+001741090126000030206001930000
+001839090126000030206002930000
+000159100126000030206001020000
+002119050126000030206701020000
+000100060126000030206701930000
+000200060126000030206702930000
+000809060126000030206701930000
+000911060126000030206702930000
+001000060126000030206701020000
+002247060126000030206701020000
+000050070126000030206701930000
+000151070126000030206702930000
+000600070126000030206701020000
+002110070126000030206701020000
+000100080126000030206701930000
+000201080126000030206702930000
+000600080126000030206701020000
+002108080126000030206701020000
+000155090126000030206701930000
+000256090126000030206702930000
+000807090126000030206701930000
+000900090126000030206702930000
+000901090126000030206701020000
+002000090126000030206701020000
+000002100126000030206701930000
+000101100126000030206702930000
+000540100126000030206701930000
+000642100126000030206702930000
+000918100126000030206701020000
+002109060126000030207301020000
+000100070126000030207301930000
+000200070126000030207302930000
+000600070126000030207301020000
+002110070126000030207301020000
+000103080126000030207301930000
+000203080126000030207302930000
+000600080126000030207301020000
+002110080126000030207301020000
+000149090126000030207301930000
+000249090126000030207302930000
+000600090126000030207301020000
+002110090126000030207301020000
+000126100126000030207301930000
+000225100126000030207302930000
+000600100126000030207301020000
+002124070126000030208001020000
+000110080126000030208001930000
+000210080126000030208002930000
+000430080126000030208001930000
+000530080126000030208002930000
+001245080126000030208001020000
+002330080126000030208001020000
+000000090126000030208001930000
+000100090126000030208002930000
+001036090126000030208001020000
+002113090126000030208001020000
+000035100126000030208001930000
+000135100126000030208002930000
+000550100126000030208001020000
+001805100126000030208001020000
+002200100126000030208001930000
+002300100126000030208002930000
+000512110126000030208001020000
+002111050126000030208101020000
+000202060126000030208101930000
+000258060126000030208102930000
+000600060126000030208101020000
+002112060126000030208101020000
+000158070126000030208101930000
+000301070126000030208102930000
+000600070126000030208101020000
+002111070126000030208101020000
+000012080126000030208101930000
+000105080126000030208102930000
+000600080126000030208101020000
+002112080126000030208101020000
+000227090126000030208101930000
+000332090126000030208102930000
+001115090126000030208101930000
+001213090126000030208102930000
+001505090126000030208101020000
+002344090126000030208101020000
+000243100126000030208101930000
+000342100126000030208102930000
+001234100126000030208101930000
+001340100126000030208102930000
+001718100126000030208101020000
+002111050126000030208201020000
+000110060126000030208201930000
+000210060126000030208202930000
+000600060126000030208201930000
+000700060126000030208202930000
+001015060126000030208201020000
+002115060126000030208201020000
+000230070126000030208201930000
+000330070126000030208202930000
+000604070126000030208201020000
+002105070126000030208201020000
+000110080126000030208201930000
+000212080126000030208202930000
+000600080126000030208201020000
+002111080126000030208201020000
+000100090126000030208201930000
+000200090126000030208202930000
+000600090126000030208201020000
+002114090126000030208201020000
+000100100126000030208201930000
+000200100126000030208202930000
+000601100126000030208201020000
+000545060126000030208501020000
+001100060126000030208501930000
+001200060126000030208502930000
+001700060126000030208501930000
+001800060126000030208502930000
+002050060126000030208501020000
+000748070126000030208501020000
+001255070126000030208501930000
+001350070126000030208502930000
+001900070126000030208501020000
+000600080126000030208501020000
+001100080126000030208501930000
+001200080126000030208502930000
+001702080126000030208501930000
+001802080126000030208502930000
+001900080126000030208501020000
+000600090126000030208501020000
+001100090126000030208501930000
+001200090126000030208502930000
+001700090126000030208501930000
+001800090126000030208502930000
+001945090126000030208501020000
+001157060126000030208901020000
+002015060126000030208901930000
+002115060126000030208902930000
+002151060126000030208901020000
+001204070126000030208901020000
+002000070126000030208901930000
+002100070126000030208902930000
+002204070126000030208901020000
+001209080126000030208901020000
+001603080126000030208901930000
+001702080126000030208902930000
+002258080126000030208901930000
+002359080126000030208902930000
+000200090126000030208901020000
+002100090126000030208901930000
+002200090126000030208902930000
+002248090126000030208901020000
+002110050126000030209201020000
+000200060126000030209201930000
+000300060126000030209202930000
+000800060126000030209201930000
+000900060126000030209202930000
+001000060126000030209201020000
+002100060126000030209201020000
+000200070126000030209201930000
+000300070126000030209202930000
+000601070126000030209201020000
+002106070126000030209201020000
+000208080126000030209201930000
+000308080126000030209202930000
+000800080126000030209201930000
+000859080126000030209202930000
+001200080126000030209201020000
+002310080126000030209201020000
+000316090126000030209201930000
+000415090126000030209202930000
+000800090126000030209201020000
+002113090126000030209201020000
+000200100126000030209201930000
+000300100126000030209202930000
+000600100126000030209201020000
+001439050126000030209301020000
+001900050126000030209301930000
+002000050126000030209302930000
+000411060126000030209301020000
+001631060126000030209301020000
+002130060126000030209301930000
+002225060126000030209302930000
+000300070126000030209301930000
+000359070126000030209302930000
+000515070126000030209301020000
+001615070126000030209301020000
+002130070126000030209301930000
+002230070126000030209302930000
+000730080126000030209301020000
+001600080126000030209301020000
+002210080126000030209301930000
+002310080126000030209302930000
+000350090126000030209301930000
+000450090126000030209302930000
+000600090126000030209301020000
+001700090126000030209301020000
+002110090126000030209301930000
+002210090126000030209302930000
+000214100126000030209301020000
+001302100126000030209301020000
+001800100126000030209301930000
+001900100126000030209302930000
+002300100126000030209301020000
+001000060126000030209601020000
+001500060126000030209601930000
+001600060126000030209602930000
+002000060126000030209601930000
+002100060126000030209602930000
+002359060126000030209601020000
+001000070126000030209601020000
+001500070126000030209601930000
+001600070126000030209602930000
+002000070126000030209601930000
+002100070126000030209602930000
+002358070126000030209601020000
+000800080126000030209601020000
+001300080126000030209601930000
+001400080126000030209602930000
+001800080126000030209601930000
+001900080126000030209602930000
+002300080126000030209601020000
+000800090126000030209601020000
+001300090126000030209601930000
+001400090126000030209602930000
+001800090126000030209601930000
+001900090126000030209602930000
+002100090126000030209601020000
+000500100126000030209601020000
+001000100126000030209601930000
+001100100126000030209602930000
+001500100126000030209601930000
+001600100126000030209602930000
+002300100126000030209601020000
+000952060126000030209701020000
+001702060126000030209701930000
+001802060126000030209702930000
+001953060126000030209701020000
+000958070126000030209701020000
+001500070126000030209701930000
+001602070126000030209702930000
+001949070126000030209701020000
+000959080126000030209701020000
+001500080126000030209701930000
+001600080126000030209702930000
+002006080126000030209701020000
+000639090126000030209701020000
+001300090126000030209701930000
+001400090126000030209702930000
+001835090126000030209701020000
+001155060126000030209801020000
+002032060126000030209801930000
+002130060126000030209802930000
+000032070126000030209801020000
+001204070126000030209801020000
+001733070126000030209801930000
+001834070126000030209802930000
+000041080126000030209801020000
+001209080126000030209801020000
+001730080126000030209801930000
+001830080126000030209802930000
+002311080126000030209801020000
+001221090126000030209801020000
+001735090126000030209801930000
+001835090126000030209802930000
+002207090126000030209801020000
+001654050126000030210501020000
+000050060126000030210501930000
+000150060126000030210502930000
+000217060126000030210501020000
+001654060126000030210501020000
+002200060126000030210501930000
+002304060126000030210502930000
+000302070126000030210501930000
+000402070126000030210502930000
+000600070126000030210501020000
+001700070126000030210501020000
+002200070126000030210501930000
+002300070126000030210502930000
+000213080126000030210501020000
+001659080126000030210501020000
+002200080126000030210501930000
+002300080126000030210502930000
+000215090126000030210501020000
+001659090126000030210501020000
+002200090126000030210501930000
+002300090126000030210502930000
+000216100126000030210501020000
+000450050126000030210701020000
+001000050126000030210701930000
+001100050126000030210702930000
+001631050126000030210701930000
+001731050126000030210702930000
+002006050126000030210701020000
+001656060126000030210701020000
+002200060126000030210701930000
+002300060126000030210702930000
+000430070126000030210701930000
+000530070126000030210702930000
+000600070126000030210701020000
+001411070126000030210701020000
+001900070126000030210701930000
+002000070126000030210702930000
+000130080126000030210701930000
+000231080126000030210702930000
+000300080126000030210701020000
+001400080126000030210701020000
+001900080126000030210701930000
+002001080126000030210702930000
+000200090126000030210701930000
+000300090126000030210702930000
+000600090126000030210701020000
+001410090126000030210701020000
+001910090126000030210701930000
+002010090126000030210702930000
+000110100126000030210701930000
+000210100126000030210702930000
+000220100126000030210701020000
+001633100126000030210702930000
+002125100126000030210701930000
+002225100126000030210702930000
+002351100126000030210701020000
+002117050126000030210801020000
+000131060126000030210801930000
+000319060126000030210802930000
+000602060126000030210801020000
+002112060126000030210801020000
+000100070126000030210801930000
+000201070126000030210802930000
+000600070126000030210801020000
+002219070126000030210801020000
+000200080126000030210801930000
+000300080126000030210802930000
+000832080126000030210801930000
+000932080126000030210802930000
+001010080126000030210801020000
+002119080126000030210801020000
+000203090126000030210801930000
+000302090126000030210802930000
+000600090126000030210801020000
+002112090126000030210801020000
+000200100126000030210801930000
+000300100126000030210802930000
+000850100126000030210801930000
+000950100126000030210802930000
+001832100126000030210801020000
+001311050126000030211301020000
+001816050126000030211301930000
+001916050126000030211302930000
+000037060126000030211301020000
+001458060126000030211301020000
+002209060126000030211301930000
+002307060126000030211302930000
+000028070126000030211301020000
+001454070126000030211301020000
+002006070126000030211301930000
+002101070126000030211302930000
+000103080126000030211301020000
+001456080126000030211301020000
+002100080126000030211301930000
+002204080126000030211302930000
+002314080126000030211301020000
+001501090126000030211301020000
+002120090126000030211301930000
+002218090126000030211302930000
+000028100126000030211301020000
+001700050126000030212001020000
+002200050126000030212001930000
+002300050126000030212002930000
+000400060126000030212001930000
+000500060126000030212002930000
+000600060126000030212001020000
+001700060126000030212001020000
+002200060126000030212001930000
+002259060126000030212002930000
+000214070126000030212001020000
+001659070126000030212001020000
+002205070126000030212001930000
+002305070126000030212002930000
+000405080126000030212001930000
+000505080126000030212002930000
+000700080126000030212001020000
+001800080126000030212001020000
+002311080126000030212001930000
+000010090126000030212002930000
+000313090126000030212001020000
+001747090126000030212001020000
+002210090126000030212001930000
+002310090126000030212002930000
+000215100126000030212001020000
+001145050126000030212601020000
+001650050126000030212601930000
+001745050126000030212602930000
+002148050126000030212601020000
+001147060126000030212601020000
+001610060126000030212601930000
+001708060126000030212602930000
+002200060126000030212601930000
+002300060126000030212602930000
+000100070126000030212601020000
+001853070126000030212602930000
+002215070126000030212601020000
+001156080126000030212601020000
+001701080126000030212601930000
+001802080126000030212602930000
+002310080126000030212601020000
+001148090126000030212601020000
+001710090126000030212601930000
+001810090126000030212602930000
+002207090126000030212601930000
+002308090126000030212602930000
+000915100126000030212601020000
+001225050126000030213801020000
+001755050126000030213801930000
+001855050126000030213802930000
+002200050126000030213801930000
+002300050126000030213802930000
+000130060126000030213801020000
+001158060126000030213801020000
+001700060126000030213801930000
+001800060126000030213802930000
+002200060126000030213801930000
+002300060126000030213802930000
+000123070126000030213801020000
+001201070126000030213801020000
+001800070126000030213801930000
+001900070126000030213802930000
+000104080126000030213801020000
+001158080126000030213801020000
+001901080126000030213801930000
+001959080126000030213802930000
+002204080126000030213801930000
+002303080126000030213802930000
+000100090126000030213801020000
+001200090126000030213801020000
+001700090126000030213801930000
+001810090126000030213802930000
+002233090126000030213801930000
+002332090126000030213802930000
+000217100126000030213801020000
+001431050126000030218101020000
+002001050126000030218101930000
+002100050126000030218102930000
+000412060126000030218101020000
+001500060126000030218101020000
+002000060126000030218101930000
+002101060126000030218102930000
+000028070126000030218101020000
+001455070126000030218101020000
+002016070126000030218101930000
+002116070126000030218102930000
+000038080126000030218101020000
+001459080126000030218101020000
+002020080126000030218101930000
+002120080126000030218102930000
+002236080126000030218101020000
+001500090126000030218101020000
+002013090126000030218101930000
+002119090126000030218102930000
+000029100126000030218101020000
