+000757190525000030107501020000
+001059190525000030107501930000
+001158190525000030107502930000
+001731190525000030107501930000
+001830190525000030107502930000
+002025190525000030107502020000
+000750200525000030107501020000
+001155200525000030107501930000
+001254200525000030107502930000
+001742200525000030107501930000
+001841200525000030107502930000
+002117200525000030107502020000
+000920190525000030138801020000
+001244190525000030138801930000
+001345190525000030138802930000
+002000190525000030138802020000
+000758200525000030138801020000
+001139200525000030138801930000
+001240200525000030138802930000
+001748200525000030138802020000
+000601190525000030141201020000
+001244190525000030141201930000
+001345190525000030141202930000
+001549190525000030141202020000
+000940200525000030141201020000
+001517200525000030141201930000
+001636200525000030141202930000
+002358200525000030141202020000
+000517200525000030148501020000
+001224200525000030148501930000
+001323200525000030148502930000
+001510200525000030148502020000
+000553190525000030149901020000
+001017190525000030149901930000
+001124190525000030149902930000
+001300190525000030149902020000
+000553200525000030149901020000
+001011200525000030149901930000
+001107200525000030149902930000
+002100200525000030149902020000
+002109190525000030156801020000
+000100200525000030156801930000
+000200200525000030156802930000
+000608200525000030156802020000
+000542190525000030158501020000
+001101190525000030158501930000
+001200190525000030158502930000
+001549190525000030158502020000
+000525200525000030158501020000
+001121200525000030158501930000
+001220200525000030158502930000
+001548200525000030158502020000
+000713190525000030158701020000
+001100190525000030158701930000
+001200190525000030158702930000
+001705190525000030158702020000
+000603200525000030158701020000
+001002200525000030158701930000
+001102200525000030158702930000
+001710200525000030158701930000
+001812200525000030158702930000
+002023200525000030158702020000
+001059190525000030160601020000
+001540190525000030160601930000
+001643190525000030160602930000
+002048190525000030160602020000
+001057200525000030160601020000
+001600200525000030160601930000
+001704200525000030160602930000
+002203200525000030160602020000
+000722190525000030174701020000
+001134190525000030174701930000
+001236190525000030174702930000
+001755190525000030174702020000
+000706200525000030174701020000
+001117200525000030174701930000
+001218200525000030174702930000
+001910200525000030174702020000
+000751190525000030176201020000
+001105190525000030176201930000
+001204190525000030176202930000
+001721190525000030176201930000
+001840190525000030176202930000
+002024190525000030176202020000
+000555190525000030182001020000
+001042190525000030182001930000
+001141190525000030182002930000
+001601190525000030182001930000
+001854190525000030182002930000
+001901190525000030182002020000
+000555200525000030182001020000
+001100200525000030182001930000
+001200200525000030182002930000
+001548200525000030182002020000
+000812190525000030182301020000
+001800190525000030182302020000
+000659200525000030182301020000
+001315200525000030182301930000
+001415200525000030182302930000
+002003200525000030182302020000
+001021190525000030182401020000
+001449190525000030182401930000
+001549190525000030182402930000
+002004190525000030182402020000
+001006200525000030182401020000
+001526200525000030182401930000
+001628200525000030182402930000
+002009200525000030182402020000
+002114190525000030183301020000
+000200200525000030183301930000
+000710200525000030183302020000
+002127200525000030183301020000
+000221210525000030183302930000
+000806210525000030183302930000
+001015210525000030183302020000
+000958190525000030183501020000
+001400190525000030183501930000
+001500190525000030183502930000
+002030190525000030183501930000
+002130190525000030183502930000
+000129200525000030183502020000
+001229200525000030183501020000
+001610200525000030183501930000
+001710200525000030183502930000
+002220200525000030183501930000
+002320200525000030183502930000
+000727190525000030185101020000
+001300190525000030185101930000
+001358190525000030185102930000
+001724190525000030185102020000
+000527200525000030185101020000
+001100200525000030185101930000
+001158200525000030185102930000
+002053200525000030185102020000
+000556190525000030185301020000
+001100190525000030185301930000
+001602190525000030185302020000
+000554200525000030185301020000
+001100200525000030185301930000
+001159200525000030185302930000
+001634200525000030185302020000
+000549190525000030185401020000
+001146190525000030185401930000
+001246190525000030185402930000
+001548190525000030185402020000
+000601200525000030185401020000
+001103200525000030185401930000
+001203200525000030185402930000
+001900200525000030185402020000
+000807190525000030186301020000
+001233190525000030186301930000
+001331190525000030186302930000
+001834190525000030186302020000
+000751200525000030186301020000
+001244200525000030186301930000
+001345200525000030186302930000
+001917200525000030186302020000
+000000190525000030186401020000
+000301190525000030186401930000
+000400190525000030186402930000
+001057190525000030186402020000
+000055200525000030186401020000
+000600200525000030186401930000
+000701200525000030186402930000
+001110200525000030186402020000
+000543190525000030186901020000
+001000190525000030186901930000
+001103190525000030186902930000
+001547190525000030186902020000
+000930200525000030186901020000
+001348200525000030186901930000
+001458200525000030186902930000
+002007200525000030186902020000
+001908190525000030187501020000
+002307190525000030187501930000
+000007200525000030187502930000
+000615200525000030187502020000
+001904200525000030187501020000
+002300200525000030187501930000
+000000210525000030187502930000
+000624210525000030187502020000
+000740190525000030188401020000
+001130190525000030188401930000
+001230190525000030188402930000
+001730190525000030188402020000
+000704200525000030188401020000
+001200200525000030188401930000
+001300200525000030188402930000
+001730200525000030188401930000
+001831200525000030188402930000
+002005200525000030188402020000
+000730190525000030189201020000
+001133190525000030189201930000
+001234190525000030189202930000
+001800190525000030189202020000
+000740200525000030189201020000
+001145200525000030189201930000
+001245200525000030189202930000
+001738200525000030189202020000
+002000190525000030189401020000
+000143200525000030189401930000
+000244200525000030189402930000
+000513200525000030189402020000
+002006200525000030189401020000
+000227210525000030189401930000
+000330210525000030189402930000
+000530210525000030189402020000
+001241190525000030189701020000
+001600190525000030189701930000
+001700190525000030189702930000
+002149190525000030189701930000
+002248190525000030189702930000
+002350190525000030189702020000
+001126200525000030189701020000
+001500200525000030189701930000
+001600200525000030189702930000
+002146200525000030189701930000
+002245200525000030189702930000
+000227210525000030189702020000
+000455190525000030189801020000
+001100190525000030189801930000
+001200190525000030189802930000
+001733190525000030189802020000
+000559200525000030189801020000
+001100200525000030189801930000
+001200200525000030189802930000
+001700200525000030189801930000
+001800200525000030189802930000
+002042200525000030189802020000
+000551190525000030189901020000
+001100190525000030189901930000
+001200190525000030189902930000
+001548190525000030189902020000
+000552200525000030189901020000
+001000200525000030189901930000
+001100200525000030189902930000
+001736200525000030189902020000
+000734190525000030191101020000
+001132190525000030191101930000
+001232190525000030191102930000
+001831190525000030191102020000
+000733200525000030191101020000
+001145200525000030191101930000
+001245200525000030191102930000
+001731200525000030191102020000
+000559190525000030193201020000
+001035190525000030193201930000
+001135190525000030193202930000
+001830190525000030193202020000
+000601200525000030193201020000
+001153200525000030193201930000
+001253200525000030193202930000
+001548200525000030193202020000
+000715190525000030193901020000
+001059190525000030193901930000
+001159190525000030193902930000
+001718190525000030193902020000
+000715200525000030193901020000
+001425200525000030193902930000
+001718200525000030193902020000
+000800190525000030194101020000
+001201190525000030194101930000
+001256190525000030194102930000
+001757190525000030194101930000
+001900190525000030194102930000
+002040190525000030194102020000
+000737200525000030194101020000
+001200200525000030194101930000
+001303200525000030194102930000
+001755200525000030194102020000
+000600190525000030195401020000
+001200190525000030195401930000
+001256190525000030195402930000
+001825190525000030195402020000
+000547200525000030195401020000
+001200200525000030195402020000
+000602190525000030195501020000
+001210190525000030195501930000
+001310190525000030195502930000
+001550190525000030195502020000
+000600200525000030195501020000
+001100200525000030195501930000
+001202200525000030195502930000
+001901200525000030195501930000
+002000200525000030195502930000
+001536210525000030195502930000
+001936210525000030195502020000
+000859190525000030196901020000
+001350190525000030196902930000
+001845190525000030196902020000
+000613200525000030196901020000
+001147200525000030196901930000
+001246200525000030196902930000
+001554200525000030196902020000
+000859190525000030196901020000
+001350190525000030196902930000
+001845190525000030196902020000
+000613200525000030196901020000
+001147200525000030196901930000
+001246200525000030196902930000
+001554200525000030196902020000
+000451190525000030197201020000
+001818190525000030197202020000
+000538200525000030197201020000
+001254200525000030197201930000
+001402200525000030197202930000
+001818200525000030197201930000
+002254200525000030197202930000
+002304200525000030197202020000
+000700190525000030197401020000
+001200190525000030197401930000
+001300190525000030197402930000
+001525190525000030197402020000
+000555190525000030197601020000
+001110190525000030197601930000
+001208190525000030197602930000
+001550190525000030197602020000
+000557200525000030197601020000
+001100200525000030197601930000
+001158200525000030197602930000
+001605200525000030197602020000
+001301190525000030197801020000
+001620190525000030197801930000
+001703190525000030197802930000
+001926190525000030197802020000
+000919200525000030197801020000
+000920200525000030197801020000
+001553200525000030197801020000
+001553200525000030197801020000
+001908210525000030197802020000
+001155190525000030198101020000
+001656190525000030198101930000
+001755190525000030198102930000
+002314190525000030198102020000
+001019200525000030198101020000
+001317200525000030198101930000
+001421200525000030198102930000
+002203200525000030198102020000
+000609190525000030198301020000
+000622190525000030198302020000
+000602200525000030198301020000
+001105200525000030198301930000
+001207200525000030198302930000
+001602200525000030198302020000
+000758190525000030198901020000
+001222190525000030198901930000
+001322190525000030198902930000
+001752190525000030198901930000
+001852190525000030198902930000
+002310190525000030198902020000
+000758190525000030198901020000
+001222190525000030198901930000
+001322190525000030198902930000
+001752190525000030198901930000
+001852190525000030198902930000
+002310190525000030198902020000
+000604190525000030199101020000
+001030190525000030199101930000
+001241190525000030199102930000
+001902190525000030199102020000
+000559200525000030199101020000
+001904200525000030199102020000
+000904190525000030199201020000
+001338190525000030199201930000
+001438190525000030199202930000
+001945190525000030199201930000
+002045190525000030199202930000
+002318190525000030199202020000
+001018200525000030199201020000
+001438200525000030199201930000
+001538200525000030199202930000
+002000200525000030199202020000
+000704200525000030200501020000
+001100200525000030200501930000
+001200200525000030200502930000
+001719200525000030200502020000
+000902190525000030200601020000
+002313190525000030200602020000
+001006200525000030200601020000
+001950200525000030200602020000
+000902190525000030200601020000
+002313190525000030200602020000
+001006200525000030200601020000
+001950200525000030200602020000
+000946190525000030200801020000
+001328190525000030200801930000
+001427190525000030200802930000
+002223190525000030200802020000
+000924200525000030200801020000
+001259200525000030200801930000
+001359200525000030200802930000
+001912200525000030200802020000
+000846190525000030201601020000
+001940190525000030201602020000
+000728200525000030201601020000
+001245200525000030201601930000
+001345200525000030201602930000
+001728200525000030201602020000
+000551190525000030202101020000
+001130190525000030202102930000
+001700190525000030202102930000
+002116190525000030202102020000
+000951200525000030202101020000
+001100200525000030202101930000
+001200200525000030202102930000
+001553200525000030202102020000
+000721190525000030202501020000
+001157190525000030202501930000
+001306190525000030202502930000
+001720190525000030202502020000
+000726200525000030202501020000
+001213200525000030202501930000
+001214200525000030202501930000
+001313200525000030202502930000
+001726200525000030202502020000
+000723190525000030203001020000
+001229190525000030203001930000
+001337190525000030203002930000
+001723190525000030203002020000
+000726200525000030203001020000
+001233200525000030203001930000
+001334200525000030203002930000
+001733200525000030203002020000
+002200200525000030203201020000
+000200210525000030203201930000
+000300210525000030203202930000
+000900210525000030203201930000
+001000210525000030203202930000
+001200210525000030203202020000
+000859190525000030203901020000
+001300190525000030203901930000
+001400190525000030203902930000
+001905190525000030203902020000
+000900200525000030203901020000
+002312200525000030203902020000
+000602190525000030204001020000
+001550190525000030204001930000
+001650190525000030204002930000
+001800190525000030204002020000
+000558200525000030204001020000
+001100200525000030204001930000
+001200200525000030204002930000
+001740200525000030204002020000
+000956190525000030204601020000
+001403190525000030204601930000
+001503190525000030204602930000
+001905190525000030204601930000
+002009190525000030204602930000
+000245200525000030204602020000
+000016200525000030204601020000
+000245200525000030204602020000
+001345200525000030204601020000
+000541190525000030204801020000
+001009190525000030204801930000
+001109190525000030204802930000
+001401190525000030204802020000
+000529190525000030205101020000
+001128190525000030205101930000
+001232190525000030205102930000
+001731190525000030205101930000
+001834190525000030205102930000
+002132190525000030205102020000
+000538200525000030205101020000
+001129200525000030205101930000
+001232200525000030205102930000
+001742200525000030205101930000
+001850200525000030205102930000
+001942200525000030205102020000
+001152190525000030205601020000
+001600190525000030205601930000
+001700190525000030205602930000
+002200190525000030205601930000
+002300190525000030205602930000
+000232200525000030205602020000
+001254200525000030205601020000
+002000200525000030205602930000
+002300200525000030205601930000
+002358200525000030205602930000
+002359200525000030205602020000
+001300210525000030205602930000
+002048210525000030205602020000
+001447190525000030206401020000
+000043200525000030206402020000
+001444200525000030206401020000
+002022200525000030206402930000
+000230210525000030206401930000
+000330210525000030206402930000
+000721190525000030206501020000
+001224190525000030206501930000
+001320190525000030206502930000
+001800190525000030206501930000
+001859190525000030206502930000
+002132190525000030206502020000
+000722200525000030206501020000
+001132200525000030206501930000
+001230200525000030206502930000
+001810200525000030206501930000
+001908200525000030206502930000
+002002200525000030206502020000
+002109200525000030206701020000
+000320210525000030206701930000
+000423210525000030206702930000
+000900210525000030206701930000
+001000210525000030206702930000
+002104190525000030207301020000
+000305200525000030207302930000
+000608200525000030207302020000
+002109200525000030207301020000
+000130210525000030207301930000
+000230210525000030207302930000
+000602210525000030207302020000
+000726190525000030207701020000
+001129190525000030207701930000
+001236190525000030207702930000
+000049200525000030207702020000
+001147200525000030207701020000
+002205200525000030207702020000
+002109190525000030208101020000
+000600200525000030208102020000
+002110200525000030208101020000
+000628210525000030208102020000
+002111190525000030208201020000
+000130200525000030208201930000
+000230200525000030208202930000
+000600200525000030208202020000
+002111200525000030208201020000
+000030210525000030208201930000
+000130210525000030208202930000
+000900210525000030208202930000
+000601190525000030208501020000
+001030190525000030208501930000
+001126190525000030208502930000
+001820190525000030208501930000
+001916190525000030208502930000
+002242190525000030208502020000
+000940200525000030208501020000
+001140200525000030208501930000
+001238200525000030208502930000
+001800200525000030208501930000
+001857200525000030208502930000
+002213200525000030208502020000
+000619190525000030208601020000
+001052190525000030208601930000
+001151190525000030208602930000
+001702190525000030208601930000
+001807190525000030208602930000
+002329190525000030208602020000
+001029200525000030208601020000
+001457200525000030208601930000
+001641200525000030208602930000
+002101200525000030208601930000
+000115210525000030208602930000
+000129210525000030208602020000
+001227190525000030208901020000
+001650190525000030208901930000
+001749190525000030208902930000
+000305200525000030208902930000
+001148200525000030208902020000
+000305200525000030208901020000
+001207200525000030208902020000
+000602200525000030209202020000
+002109200525000030209201020000
+000601210525000030209202020000
+001657190525000030209301020000
+002100190525000030209302930000
+000414200525000030209302020000
+001651200525000030209301020000
+002100200525000030209302930000
+000417210525000030209302020000
+001203190525000030209701020000
+001700190525000030209701930000
+001800190525000030209702930000
+002334190525000030209702020000
+001202200525000030209701020000
+001657200525000030209701930000
+001757200525000030209702930000
+000146210525000030209702930000
+000226210525000030209702020000
+000600190525000030209801020000
+001325190525000030209801930000
+001425190525000030209802930000
+001850190525000030209801930000
+001950190525000030209802930000
+002319190525000030209802020000
+001036200525000030209801020000
+001435200525000030209801930000
+001535200525000030209802930000
+002034200525000030209802020000
+002113190525000030210201020000
+000140200525000030210201930000
+000240200525000030210202930000
+000900200525000030210201930000
+001000200525000030210202930000
+001302200525000030210202020000
+002113190525000030210201020000
+000140200525000030210201930000
+000240200525000030210202930000
+000900200525000030210201930000
+001000200525000030210202930000
+001302200525000030210202020000
+001331190525000030210301020000
+001800190525000030210301930000
+001900190525000030210302930000
+002213190525000030210302020000
+001255200525000030210301020000
+001754200525000030210301930000
+001846200525000030210302930000
+002210200525000030210302020000
+001655190525000030210501020000
+002100190525000030210501930000
+002144190525000030210502930000
+000214200525000030210502020000
+001657200525000030210501020000
+002200200525000030210501930000
+002300200525000030210502930000
+000424210525000030210502020000
+001700190525000030210601020000
+000200200525000030210601930000
+000300200525000030210602930000
+002300200525000030210601020000
+000025210525000030210601930000
+000131210525000030210602930000
+000601210525000030210602020000
+001656190525000030210701020000
+002200190525000030210701930000
+002300190525000030210702930000
+000254200525000030210702020000
+001657200525000030210701020000
+002200200525000030210701930000
+002300200525000030210702930000
+000213210525000030210702020000
+002112190525000030210801020000
+000359200525000030210801930000
+000459200525000030210802930000
+000600200525000030210802020000
+002108200525000030210801020000
+000200210525000030210801930000
+000301210525000030210802930000
+000601210525000030210802020000
+001656190525000030210901020000
+002100190525000030210901930000
+002201190525000030210902930000
+000215200525000030210902020000
+001711200525000030210901020000
+002104200525000030210901930000
+002105200525000030210901930000
+002205200525000030210902930000
+000213210525000030210902020000
+001156190525000030211301020000
+001900190525000030211301930000
+001955190525000030211302930000
+002149190525000030211302020000
+001157200525000030211301020000
+002149200525000030211302020000
+002113190525000030211501020000
+000130200525000030211501930000
+000231200525000030211502930000
+000830200525000030211502930000
+002155200525000030211501020000
+000525210525000030211502930000
+000601210525000030211502020000
+002034190525000030211601020000
+000139200525000030211601930000
+000234200525000030211602930000
+000600200525000030211602020000
+001656190525000030211901020000
+002200190525000030211901930000
+002300190525000030211902930000
+000214200525000030211902020000
+001658200525000030211901020000
+001116210525000030211902020000
+001657190525000030212001020000
+002215190525000030212001930000
+002316190525000030212002930000
+000415200525000030212001930000
+000515200525000030212002930000
+000601200525000030212002020000
+001658200525000030212001020000
+002330200525000030212001930000
+000030210525000030212002930000
+000416210525000030212002020000
+001657190525000030212001020000
+002215190525000030212001930000
+002316190525000030212002930000
+000415200525000030212001930000
+000515200525000030212002930000
+000601200525000030212002020000
+001658200525000030212001020000
+002330200525000030212001930000
+000030210525000030212002930000
+000416210525000030212002020000
+001155190525000030212601020000
+001805190525000030212601930000
+001905190525000030212602930000
+002148190525000030212602020000
+001149200525000030212601020000
+001800200525000030212601930000
+001900200525000030212602930000
+002235200525000030212602020000
+000650190525000030197401020000
+001509190525000030197402020000
+000559190525000030204901020000
+001704190525000030204902020000
+000548200525000030204901020000
+000549200525000030204901930000
+000447210525000030204901020000
+002012210525000030204902020000
+000559190525000038001001020000
+001244190525000038001001930000
+001345190525000038001002930000
+001832190525000038001001930000
+001930190525000038001002930000
+002207190525000038001002020000
+000911200525000038001001020000
+001343200525000038001001930000
+001443200525000038001002930000
+001908200525000038001002020000
+000601210525000038001001020000
+001304210525000038001001930000
+001401210525000038001002930000
+001813210525000038001002020000
+001107190525000038004501020000
+001527190525000038004501930000
+001630190525000038004502930000
+002119190525000038004502020000
+001213200525000038004501020000
+001618200525000038004501930000
+001720200525000038004502930000
+002237200525000038004501020000
+001100210525000038004501020000
+001503210525000038004501930000
+001607210525000038004502930000
+002058210525000038004502020000
