+000732100225000030107501020000
+001710100225000030107501930000
+001835100225000030107502930000
+002148100225000030107502020000
+000831120225000030107501020000
+001200120225000030107502930000
+001750120225000030107501930000
+001850120225000030107502930000
+000948130225000030107501020000
+001148130225000030107501930000
+001248130225000030107502930000
+001730130225000030107501930000
+001830130225000030107502930000
+002234130225000030107502020000
+000939140225000030107501020000
+001152140225000030107501930000
+001313140225000030107502930000
+001825140225000030107501930000
+001923140225000030107502930000
+002149140225000030107502020000
+001009150225000030107501020000
+001226150225000030107501930000
+001324150225000030107502930000
+001625150225000030107502020000
+000800100225000030138801020000
+001120100225000030138801930000
+001220100225000030138802930000
+001800100225000030138801930000
+001900100225000030138802930000
+002041100225000030138802020000
+000800110225000030138801020000
+001100110225000030138801930000
+001200110225000030138802930000
+001749110225000030138802020000
+000800120225000030138801020000
+001731130225000030138802020000
+000700140225000030138801020000
+001130140225000030138801930000
+001230140225000030138802930000
+001515140225000030138802020000
+000526100225000030141201020000
+001150100225000030141201930000
+001250100225000030141202930000
+001551100225000030141202020000
+000946110225000030141201020000
+001644110225000030141201930000
+001745110225000030141202930000
+002115110225000030141202020000
+000947120225000030141201020000
+001615120225000030141201930000
+001715120225000030141202930000
+001950120225000030141201930000
+002050120225000030141202930000
+002300120225000030141202020000
+001002130225000030141201020000
+001607130225000030141201930000
+001708130225000030141202930000
+002151130225000030141202020000
+000951140225000030141201020000
+001500140225000030141201930000
+001600140225000030141202930000
+002030140225000030141201930000
+002130140225000030141202930000
+002343140225000030141202020000
+000516100225000030148501020000
+001522100225000030148502020000
+000513110225000030148501020000
+001100110225000030148501930000
+001200110225000030148502930000
+001508110225000030148502020000
+000517120225000030148501020000
+001508120225000030148502020000
+000517120225000030148501020000
+001508120225000030148502020000
+000515130225000030148501020000
+001607130225000030148502020000
+000511140225000030148501020000
+001100140225000030148501930000
+001200140225000030148502930000
+001511140225000030148502020000
+000557100225000030149901020000
+001344100225000030149902930000
+001548100225000030149902020000
+000553110225000030149901020000
+001234110225000030149901930000
+001335110225000030149902930000
+001553110225000030149902020000
+000551120225000030149901020000
+001222120225000030149901930000
+001322120225000030149902930000
+001700120225000030149902020000
+000557130225000030149901020000
+001119130225000030149901930000
+001226130225000030149902930000
+001800130225000030149902020000
+000550140225000030149901020000
+001223140225000030149901930000
+001339140225000030149902930000
+001800140225000030149902020000
+000557150225000030149901020000
+001027150225000030149901930000
+001127150225000030149902930000
+001503150225000030149902020000
+002120100225000030156801020000
+000600110225000030156802020000
+002115110225000030156801020000
+000000120225000030156801930000
+000100120225000030156802930000
+000900120225000030156801930000
+002112120225000030156801020000
+000600130225000030156802020000
+002108130225000030156801020000
+000232140225000030156801930000
+000331140225000030156802930000
+000900140225000030156801930000
+002100140225000030156801020000
+002300140225000030156801930000
+000000150225000030156802930000
+000600150225000030156802020000
+000000150225000030156801020000
+000600150225000030156802020000
+000817100225000030158701020000
+001133100225000030158701930000
+001650100225000030158702930000
+001812100225000030158702020000
+000619110225000030158701020000
+001031110225000030158701930000
+001135110225000030158702930000
+001600110225000030158701930000
+001701110225000030158702930000
+001901110225000030158702020000
+000607120225000030158701020000
+001011120225000030158701930000
+001112120225000030158702930000
+001606120225000030158701930000
+001730120225000030158702930000
+002005120225000030158702020000
+000705130225000030158701020000
+001100130225000030158701930000
+001202130225000030158702930000
+001609130225000030158701930000
+001711130225000030158702930000
+001930130225000030158702020000
+000630140225000030158701020000
+001030140225000030158701930000
+001131140225000030158702930000
+001602140225000030158701930000
+001701140225000030158702930000
+001925140225000030158702020000
+001106100225000030160601020000
+001518100225000030160601930000
+001624100225000030160602930000
+002107100225000030160602020000
+001100110225000030160601020000
+001550110225000030160601930000
+001650110225000030160602930000
+002055110225000030160601930000
+002056110225000030160602930000
+000026120225000030160602020000
+001125120225000030160601020000
+001615120225000030160602930000
+002055120225000030160601930000
+002155120225000030160602930000
+002346120225000030160602020000
+001057130225000030160601020000
+001530130225000030160601930000
+001630130225000030160602930000
+002239130225000030160602020000
+001056140225000030160601020000
+001508140225000030160601930000
+001609140225000030160602930000
+002200140225000030160602930000
+000047150225000030160602020000
+000720100225000030164301020000
+001718100225000030164302020000
+000725110225000030164301020000
+001200110225000030164302930000
+001841110225000030164302020000
+000718120225000030164301020000
+001718120225000030164302020000
+000655130225000030164301020000
+001100130225000030164301930000
+001650130225000030164302020000
+000720140225000030164301020000
+001100140225000030164301930000
+001200140225000030164302930000
+001837140225000030164302020000
+000720100225000030164301020000
+001718100225000030164302020000
+000725110225000030164301020000
+001200110225000030164302930000
+001841110225000030164302020000
+000718120225000030164301020000
+001718120225000030164302020000
+000655130225000030164301020000
+001100130225000030164301930000
+001650130225000030164302020000
+000720140225000030164301020000
+001100140225000030164301930000
+001200140225000030164302930000
+001837140225000030164302020000
+000806100225000030174701020000
+001802100225000030174702020000
+000739110225000030174701020000
+000750110225000030174701020000
+001035110225000030174701930000
+001135110225000030174702930000
+001846110225000030174702020000
+000740120225000030174701020000
+001732120225000030174702020000
+000804130225000030174701020000
+001145130225000030174701930000
+001245130225000030174702930000
+001804130225000030174702020000
+000749140225000030174701020000
+001340140225000030174701930000
+001439140225000030174702930000
+001846140225000030174702020000
+000553100225000030182301020000
+001100100225000030182301930000
+001200100225000030182302930000
+001731100225000030182302020000
+000555110225000030182301020000
+001040110225000030182301930000
+001140110225000030182302930000
+001800110225000030182301930000
+001950110225000030182302930000
+002026110225000030182302020000
+000600120225000030182301020000
+000601140225000030182301020000
+001105140225000030182301930000
+001205140225000030182302930000
+001548140225000030182302020000
+000750150225000030182301020000
+001736150225000030182302020000
+000646120225000030188401020000
+001745120225000030188402020000
+000703130225000030188401020000
+001215130225000030188402930000
+001730130225000030188401930000
+001830130225000030188402930000
+000700140225000030188401020000
+001130140225000030188401930000
+001230140225000030188402930000
+001701140225000030188402020000
+000549150225000030188401020000
+001640150225000030188402020000
+000558100225000030193201020000
+001001100225000030193201930000
+001102100225000030193202930000
+001548100225000030193202020000
+000557110225000030193201020000
+001021110225000030193201930000
+001120110225000030193202930000
+001620110225000030193201930000
+001720110225000030193202930000
+001926110225000030193202020000
+000641120225000030193201020000
+001005120225000030193201930000
+001105120225000030193202930000
+001548120225000030193202020000
+000559130225000030193201020000
+001727130225000030193202020000
+001436100225000030193901020000
+001943100225000030193901930000
+002040100225000030193902930000
+000028110225000030193902020000
+001436110225000030193901020000
+001900110225000030193901930000
+002000110225000030193902930000
+000027120225000030193902020000
+001500120225000030193901020000
+000028130225000030193902020000
+001450130225000030193901020000
+001900130225000030193901930000
+000005140225000030193902020000
+001042140225000030193901020000
+001540140225000030193901930000
+001640140225000030193902930000
+002000140225000030193901930000
+002120140225000030193902930000
+000009150225000030193902020000
+000557100225000030195401020000
+001000100225000030195401930000
+001100100225000030195402930000
+001536100225000030195402020000
+000552110225000030195401020000
+001120110225000030195401930000
+001220110225000030195402930000
+001630110225000030195401930000
+001730110225000030195402930000
+000700120225000030195401020000
+000630130225000030195401020000
+001030130225000030195401930000
+001130130225000030195402930000
+001630130225000030195401930000
+001730130225000030195402930000
+000540140225000030195401020000
+001000140225000030195401930000
+001100140225000030195402930000
+000540140225000030195401020000
+001000140225000030195401930000
+001100140225000030195402930000
+001530140225000030195401930000
+001630140225000030195402930000
+001844140225000030195402020000
+000558100225000030196901020000
+001109100225000030196901930000
+001209100225000030196902930000
+001835100225000030196902020000
+000639110225000030196901020000
+001243110225000030196901930000
+001552110225000030196902020000
+000600120225000030196901020000
+001105120225000030196901930000
+001205120225000030196902930000
+001630120225000030196901930000
+001730120225000030196902930000
+000609130225000030196901020000
+001416130225000030196901930000
+001510130225000030196902930000
+001620130225000030196902020000
+000558140225000030196901020000
+001100140225000030196901930000
+001200140225000030196902930000
+001755140225000030196902020000
+000558100225000030196901020000
+001109100225000030196901930000
+001209100225000030196902930000
+001835100225000030196902020000
+000639110225000030196901020000
+001243110225000030196901930000
+001552110225000030196902020000
+000600120225000030196901020000
+001105120225000030196901930000
+001205120225000030196902930000
+001630120225000030196901930000
+001730120225000030196902930000
+000609130225000030196901020000
+001416130225000030196901930000
+001510130225000030196902930000
+001620130225000030196902020000
+000558140225000030196901020000
+001100140225000030196901930000
+001200140225000030196902930000
+001755140225000030196902020000
+000740100225000030197201020000
+001202100225000030197201930000
+001315100225000030197202930000
+001852100225000030197201930000
+001952100225000030197202930000
+002301100225000030197202020000
+001000110225000030197201020000
+001238120225000030197201930000
+001339120225000030197202930000
+001830120225000030197201930000
+001944120225000030197202930000
+000800130225000030197201020000
+001200130225000030197201930000
+001300130225000030197202930000
+002013130225000030197201930000
+002118130225000030197202930000
+002205130225000030197202020000
+000910140225000030197201020000
+001904140225000030197201930000
+001955140225000030197202930000
+002106140225000030197202020000
+000740150225000030197201020000
+001300150225000030197201930000
+001501150225000030197202930000
+001708150225000030197202020000
+002015100225000030197501020000
+000140110225000030197501930000
+000240110225000030197502930000
+000603110225000030197502020000
+002112120225000030197501020000
+000140130225000030197501930000
+000240130225000030197502930000
+002112140225000030197501020000
+000727100225000030197601020000
+001106100225000030197601930000
+001204100225000030197602930000
+001727100225000030197602020000
+000553110225000030197601020000
+001110110225000030197601930000
+001210110225000030197602930000
+001552110225000030197602020000
+000553120225000030197601020000
+001110120225000030197601930000
+001210120225000030197602930000
+001634120225000030197602020000
+000556130225000030197601020000
+001100130225000030197601930000
+001200130225000030197602930000
+001548130225000030197602020000
+000555140225000030197601020000
+001115140225000030197601930000
+001213140225000030197602930000
+001551140225000030197602020000
+001807100225000030197801020000
+002300100225000030197801930000
+000001110225000030197802930000
+000430110225000030197801930000
+000530110225000030197802930000
+000617110225000030197802020000
+001848120225000030197801020000
+000000130225000030197802930000
+000410130225000030197801930000
+000510130225000030197802930000
+000806130225000030197802020000
+001849130225000030197801020000
+000100140225000030197801930000
+000200140225000030197802930000
+000410140225000030197801930000
+000510140225000030197802930000
+000802140225000030197802020000
+001852140225000030197801020000
+000000150225000030197802930000
+000500150225000030197801930000
+000600150225000030197802930000
+001049150225000030197802020000
+000000150225000030197801020000
+000500150225000030197801930000
+000600150225000030197802930000
+001049150225000030197802020000
+000558100225000030198101020000
+001030100225000030198101930000
+001130100225000030198102930000
+001600100225000030198101930000
+001700100225000030198102930000
+001913100225000030198102020000
+000807110225000030198101020000
+001300110225000030198101930000
+001400110225000030198102930000
+000807110225000030198101020000
+001300110225000030198101930000
+001400110225000030198102930000
+001721110225000030198102020000
+000602120225000030198101020000
+001030120225000030198101930000
+001130120225000030198102930000
+001443120225000030198102020000
+000600130225000030198101020000
+001030130225000030198101930000
+001130130225000030198102930000
+001630130225000030198101930000
+001806130225000030198102930000
+002054130225000030198102020000
+000854140225000030198101020000
+001300140225000030198101930000
+001400140225000030198102930000
+001813140225000030198102020000
+002105100225000030198301020000
+000153110225000030198301020000
+000232110225000030198301930000
+000335110225000030198302930000
+000842110225000030198302020000
+002101110225000030198301020000
+000140120225000030198301930000
+000243120225000030198302930000
+000601120225000030198302020000
+002053120225000030198301020000
+000238130225000030198301930000
+000353130225000030198302930000
+000820130225000030198301930000
+000924130225000030198302930000
+000007140225000030198301020000
+000200140225000030198301930000
+000311140225000030198302930000
+000816140225000030198302020000
+002114140225000030198301020000
+000213150225000030198301930000
+000310150225000030198302930000
+000602150225000030198302020000
+002112100225000030198401020000
+000217110225000030198401930000
+000320110225000030198402930000
+000601110225000030198402020000
+002206110225000030198401020000
+000600120225000030198402020000
+002106120225000030198401020000
+000100130225000030198401930000
+000200130225000030198402930000
+000830130225000030198401930000
+000930130225000030198402930000
+002130130225000030198401020000
+000602140225000030198402020000
+002130140225000030198401020000
+000218150225000030198401930000
+000317150225000030198402930000
+000601150225000030198402020000
+001436100225000030198501020000
+001930100225000030198501930000
+002030100225000030198502930000
+000031110225000030198502020000
+001455110225000030198501020000
+001800110225000030198501930000
+001900110225000030198502930000
+000100120225000030198501930000
+000149120225000030198502930000
+000404120225000030198502020000
+001445120225000030198501020000
+001800120225000030198501930000
+001900120225000030198502930000
+000100130225000030198501930000
+000158130225000030198502930000
+000410130225000030198502020000
+001440130225000030198501020000
+001800130225000030198501930000
+001900130225000030198502930000
+000100140225000030198501930000
+000200140225000030198502930000
+000252140225000030198502020000
+000033140225000030198501020000
+000100140225000030198501930000
+000200140225000030198502930000
+000252140225000030198502020000
+001443140225000030198501020000
+001800140225000030198501930000
+001900140225000030198502930000
+000100150225000030198501930000
+000200150225000030198502930000
+000340150225000030198502020000
+000600100225000030198901020000
+001026100225000030198901930000
+001126100225000030198902930000
+002049100225000030198901930000
+002149100225000030198902930000
+002330100225000030198902020000
+001030110225000030198901020000
+001605110225000030198901930000
+001704110225000030198902930000
+002017110225000030198902020000
+000800120225000030198901020000
+001201120225000030198901930000
+001301120225000030198902930000
+001751120225000030198902020000
+000800130225000030198901020000
+001224130225000030198901930000
+001324130225000030198902930000
+001801130225000030198902020000
+000800140225000030198901020000
+001317140225000030198901930000
+001435140225000030198902930000
+001748140225000030198902020000
+000600100225000030198901020000
+001026100225000030198901930000
+001126100225000030198902930000
+002049100225000030198901930000
+002149100225000030198902930000
+002330100225000030198902020000
+001030110225000030198901020000
+001605110225000030198901930000
+001704110225000030198902930000
+002017110225000030198902020000
+000800120225000030198901020000
+001201120225000030198901930000
+001301120225000030198902930000
+001751120225000030198902020000
+000800130225000030198901020000
+001224130225000030198901930000
+001324130225000030198902930000
+001801130225000030198902020000
+000800140225000030198901020000
+001317140225000030198901930000
+001435140225000030198902930000
+001748140225000030198902020000
+000904100225000030199101020000
+001300100225000030199101930000
+001400100225000030199102930000
+002100100225000030199101930000
+002200100225000030199102930000
+000019110225000030199102020000
+001055110225000030199101020000
+001410110225000030199101930000
+001510110225000030199102930000
+002050110225000030199102020000
+000908120225000030199101020000
+001300120225000030199101930000
+001400120225000030199102930000
+002110120225000030199101930000
+002210120225000030199102930000
+002342120225000030199102020000
+001051130225000030199101020000
+001410130225000030199101930000
+001510130225000030199102930000
+002030130225000030199102020000
+000900140225000030199101020000
+001300140225000030199101930000
+001400140225000030199102930000
+002120140225000030199101930000
+002220140225000030199102930000
+000001150225000030199102020000
+000556100225000030199201020000
+001100100225000030199201930000
+001200100225000030199202930000
+001852100225000030199202020000
+000557110225000030199201020000
+001126110225000030199201930000
+001226110225000030199202930000
+001826110225000030199201930000
+001926110225000030199202930000
+002014110225000030199202020000
+000714120225000030199201020000
+000900130225000030199201020000
+001431130225000030199201930000
+001531130225000030199202930000
+000900130225000030199201020000
+001431130225000030199201930000
+001531130225000030199202930000
+001856130225000030199202020000
+000557140225000030199201020000
+001100140225000030199201930000
+001200140225000030199202930000
+001902140225000030199201930000
+002000140225000030199202930000
+002051140225000030199202020000
+000810150225000030199201020000
+001230150225000030199201930000
+001330150225000030199202930000
+001725150225000030199202020000
+000800100225000030200501020000
+001140100225000030200501930000
+001241100225000030200502930000
+001718100225000030200502020000
+000725110225000030200501020000
+001806110225000030200502020000
+000730120225000030200501020000
+001723120225000030200502020000
+000741130225000030200501020000
+001200130225000030200501930000
+001300130225000030200502930000
+001718130225000030200502020000
+001040140225000030200501020000
+001718140225000030200502020000
+000900100225000030200601020000
+001530100225000030200601930000
+001849100225000030200602020000
+000901110225000030200601020000
+001300110225000030200601930000
+001400110225000030200602930000
+002050110225000030200601930000
+002150110225000030200602930000
+002317110225000030200602020000
+001000120225000030200601020000
+001535120225000030200601930000
+001635120225000030200602930000
+001948120225000030200602020000
+000900130225000030200601020000
+001300130225000030200601930000
+001400130225000030200602930000
+002110130225000030200601930000
+002210130225000030200602930000
+002345130225000030200602020000
+001059140225000030200601020000
+001700140225000030200601930000
+001800140225000030200602930000
+002046140225000030200602020000
+000900100225000030200601020000
+001530100225000030200601930000
+001849100225000030200602020000
+000901110225000030200601020000
+001300110225000030200601930000
+001400110225000030200602930000
+002050110225000030200601930000
+002150110225000030200602930000
+002317110225000030200602020000
+001000120225000030200601020000
+001535120225000030200601930000
+001635120225000030200602930000
+001948120225000030200602020000
+000900130225000030200601020000
+001300130225000030200601930000
+001400130225000030200602930000
+002110130225000030200601930000
+002210130225000030200602930000
+002345130225000030200602020000
+001059140225000030200601020000
+001700140225000030200601930000
+001800140225000030200602930000
+002046140225000030200602020000
+000719100225000030200801020000
+001253100225000030200801930000
+001353100225000030200802930000
+002005100225000030200802020000
+000728110225000030200801020000
+001213110225000030200801930000
+001313110225000030200802930000
+002024110225000030200802020000
+000900120225000030200801020000
+001947120225000030200802020000
+000724130225000030200801020000
+001117130225000030200801930000
+001216130225000030200802930000
+002209130225000030200802020000
+000929140225000030200801020000
+001248140225000030200801930000
+001348140225000030200802930000
+001919140225000030200802020000
+000726100225000030201601020000
+001230100225000030201601930000
+001330100225000030201602930000
+001736100225000030201602020000
+000727110225000030201601020000
+001230110225000030201601930000
+001330110225000030201602930000
+001737110225000030201602020000
+000716120225000030201601020000
+001230120225000030201601930000
+001330120225000030201602930000
+001838120225000030201602020000
+000723130225000030201601020000
+001200130225000030201601930000
+001300130225000030201602930000
+001817130225000030201602020000
+000725140225000030201601020000
+000659150225000030201601020000
+001207150225000030201601930000
+001306150225000030201602930000
+001720150225000030201602020000
+000659150225000030201601020000
+001207150225000030201601930000
+001306150225000030201602930000
+001720150225000030201602020000
+000542100225000030202101020000
+001030100225000030202101930000
+001130100225000030202102930000
+001702100225000030202102020000
+000552110225000030202101020000
+001015110225000030202101930000
+001115110225000030202102930000
+001623110225000030202102020000
+000550120225000030202101020000
+001005120225000030202101930000
+001105120225000030202102930000
+001746120225000030202102020000
+000545130225000030202101020000
+001120130225000030202101930000
+001220130225000030202102930000
+001555130225000030202102020000
+000750100225000030202501020000
+001219100225000030202501930000
+001622100225000030202502930000
+001840100225000030202502020000
+000729110225000030202501020000
+001255110225000030202501930000
+001344110225000030202502930000
+001830110225000030202501930000
+001930110225000030202502930000
+002031110225000030202502020000
+000730120225000030202501020000
+000731120225000030202501020000
+000731120225000030202501020000
+001203120225000030202501930000
+001315120225000030202502930000
+001815120225000030202502020000
+000600130225000030202501020000
+001226130225000030202501930000
+001318130225000030202502930000
+000730140225000030202501020000
+000750140225000030202501020000
+001350140225000030202502930000
+001800140225000030202502020000
+000721100225000030203001020000
+001230100225000030203001930000
+001330100225000030203002930000
+001730100225000030203001930000
+001830100225000030203002930000
+002000100225000030203002020000
+000722110225000030203001020000
+001741110225000030203002020000
+000721120225000030203001020000
+001230120225000030203001930000
+001330120225000030203002930000
+001730120225000030203001930000
+001830120225000030203002930000
+001930120225000030203002020000
+000743130225000030203001020000
+001230130225000030203001930000
+001330130225000030203002930000
+001730130225000030203001930000
+001830130225000030203002930000
+001932130225000030203002020000
+000721140225000030203001020000
+001230140225000030203001930000
+001330140225000030203002930000
+001719140225000030203002020000
+000556150225000030203001020000
+001723150225000030203002020000
+002113100225000030203201020000
+000230110225000030203202930000
+002300110225000030203201020000
+000840120225000030203202020000
+002119120225000030203201020000
+000100130225000030203201930000
+000144130225000030203202930000
+000630130225000030203201930000
+000730130225000030203202930000
+001152130225000030203202020000
+002309130225000030203201020000
+000400140225000030203202930000
+000800140225000030203201930000
+000900140225000030203202930000
+002100140225000030203201020000
+000100150225000030203201930000
+000200150225000030203202930000
+000602150225000030203202020000
+001453100225000030203901020000
+001900100225000030203901930000
+002000100225000030203902930000
+002210100225000030203902020000
+001457110225000030203901020000
+002038110225000030203902930000
+000100120225000030203901930000
+000300120225000030203902930000
+001430120225000030203901020000
+002355120225000030203902930000
+000032130225000030203902020000
+001501130225000030203901020000
+001907130225000030203901930000
+001700140225000030203901020000
+000103150225000030203902020000
+000010150225000030203901020000
+000600100225000030204001020000
+001805100225000030204002020000
+000600110225000030204001020000
+001030110225000030204001930000
+001130110225000030204002930000
+001630110225000030204001930000
+001730110225000030204002930000
+001950110225000030204002020000
+000700120225000030204001020000
+001100120225000030204001930000
+001200120225000030204002930000
+001730120225000030204001930000
+001830120225000030204002930000
+001950120225000030204002020000
+000650130225000030204001020000
+001100130225000030204001930000
+001200130225000030204002930000
+001850130225000030204002020000
+000600140225000030204001020000
+001030140225000030204001930000
+001155140225000030204002930000
+001700140225000030204001930000
+001800140225000030204002930000
+002130140225000030204002020000
+000830150225000030204001020000
+001340150225000030204001930000
+001341150225000030204002930000
+001900150225000030204001930000
+002000150225000030204002930000
+002130150225000030204002020000
+001200100225000030204601020000
+001622100225000030204601930000
+001722100225000030204602930000
+002213100225000030204602020000
+001200110225000030204601020000
+001601110225000030204601930000
+001704110225000030204602930000
+002209110225000030204602020000
+001200120225000030204601020000
+001632120225000030204601930000
+001758120225000030204602930000
+001000130225000030204601020000
+001915130225000030204601930000
+002017130225000030204602930000
+002210130225000030204602020000
+001706140225000030204601930000
+001806140225000030204602930000
+002241140225000030204601930000
+000046150225000030204602930000
+000050150225000030204602020000
+000600110225000030204801020000
+001000110225000030204801930000
+001052110225000030204802930000
+001505110225000030204801930000
+001604110225000030204802930000
+001817110225000030204802020000
+000555120225000030204801020000
+001301120225000030204802930000
+001548120225000030204802020000
+000600130225000030204801020000
+001200130225000030204801930000
+000550140225000030204801020000
+000958140225000030204801020000
+001100140225000030204802930000
+001649140225000030204802020000
+001300100225000030205101020000
+001936100225000030205101930000
+002020100225000030205102930000
+002251100225000030205102020000
+001300110225000030205101020000
+001845110225000030205101930000
+001951110225000030205102930000
+002248110225000030205102020000
+000955120225000030205101020000
+001416120225000030205101930000
+001517120225000030205102930000
+001950120225000030205102020000
+000900130225000030205101020000
+001348130225000030205101930000
+001446130225000030205102930000
+001850130225000030205102020000
+000550140225000030205101020000
+001231140225000030205101930000
+001329140225000030205102930000
+001907140225000030205101930000
+002014140225000030205102930000
+002103140225000030205102020000
+001649150225000030205101020000
+002331150225000030205102020000
+000657100225000030205301020000
+001222100225000030205302930000
+002240100225000030205302930000
+002241100225000030205301020000
+000940110225000030205301020000
+001250110225000030205301930000
+001350110225000030205302930000
+000940110225000030205301020000
+001250110225000030205301930000
+001350110225000030205302930000
+000620120225000030205301020000
+001430120225000030205302930000
+000620120225000030205301020000
+001430120225000030205302930000
+002120120225000030205301930000
+002220120225000030205302930000
+002221120225000030205301020000
+000920130225000030205301020000
+001210130225000030205302930000
+000920130225000030205301020000
+001210130225000030205302930000
+000118140225000030205302020000
+001200100225000030205601020000
+001800100225000030205601930000
+002150100225000030205602020000
+000902110225000030205601020000
+001400110225000030205601930000
+001500110225000030205602930000
+002042110225000030205602020000
+001200120225000030205601020000
+001900120225000030205602930000
+002300120225000030205601930000
+000046130225000030205602930000
+000046130225000030205601020000
+001157130225000030205601020000
+001900130225000030205601930000
+002000130225000030205602930000
+002201130225000030205602020000
+001156140225000030205601020000
+001800140225000030205601930000
+001900140225000030205602930000
+002150140225000030205602020000
+001455100225000030205701020000
+001900100225000030205701930000
+002000100225000030205702930000
+000100110225000030205701930000
+000200110225000030205702930000
+000336110225000030205702020000
+001455110225000030205701020000
+001900110225000030205701930000
+002000110225000030205702930000
+000100120225000030205701930000
+000200120225000030205702930000
+000313120225000030205701020000
+002000120225000030205702930000
+000100130225000030205701930000
+000200130225000030205702930000
+000319130225000030205701020000
+001459130225000030205701020000
+001900130225000030205701930000
+000116140225000030205702020000
+000031140225000030205701020000
+001159140225000030205701020000
+001604140225000030205701930000
+001703140225000030205702930000
+002145140225000030205701930000
+002201140225000030205702930000
+000112150225000030205702020000
+001654100225000030206001020000
+002315100225000030206002930000
+000227110225000030206002020000
+001700110225000030206001020000
+000217120225000030206002020000
+001651120225000030206001020000
+002100120225000030206001930000
+002200120225000030206002930000
+000213130225000030206002020000
+001651130225000030206001020000
+002200130225000030206001930000
+002300130225000030206002930000
+000213140225000030206002020000
+001656140225000030206001020000
+002200140225000030206001930000
+002300140225000030206002930000
+000417150225000030206002020000
+001657100225000030206301020000
+001915100225000030206301930000
+001916100225000030206302930000
+000215110225000030206301020000
+001701110225000030206301020000
+000347120225000030206302020000
+001658120225000030206301020000
+002130120225000030206301930000
+002230120225000030206302930000
+000320130225000030206301930000
+000420130225000030206302930000
+000611130225000030206302020000
+001654130225000030206301020000
+002100130225000030206301930000
+002200130225000030206302930000
+000416140225000030206301020000
+001656140225000030206301020000
+001910140225000030206301930000
+002010140225000030206302930000
+000428150225000030206302020000
+000342150225000030206301020000
+000428150225000030206302020000
+001431150225000030206301020000
+001730150225000030206301930000
+001823150225000030206302930000
+002342150225000030206302020000
+001455100225000030206401020000
+002000100225000030206401930000
+002100100225000030206402930000
+000029110225000030206402020000
+001454110225000030206401020000
+000028120225000030206402020000
+001205120225000030206401020000
+002015120225000030206402930000
+000116130225000030206402020000
+001459130225000030206401020000
+002030130225000030206401930000
+002130130225000030206402930000
+000115140225000030206402020000
+001456140225000030206401020000
+001930140225000030206401930000
+002030140225000030206402930000
+000030150225000030206402020000
+001438100225000030206501020000
+002017100225000030206501930000
+002117100225000030206502930000
+001500110225000030206501020000
+002050110225000030206501930000
+001446120225000030206501020000
+001957120225000030206501930000
+002057120225000030206502930000
+000000130225000030206501930000
+000100130225000030206502930000
+000200130225000030206502020000
+001438130225000030206501020000
+001938130225000030206501930000
+002037130225000030206502930000
+001438140225000030206501020000
+002035140225000030206501930000
+002135140225000030206502930000
+002109100225000030206701020000
+000759110225000030206702020000
+002109110225000030206701020000
+000200120225000030206701930000
+000300120225000030206702930000
+000900120225000030206701930000
+001000120225000030206702930000
+002130120225000030206701020000
+000630130225000030206702020000
+002106130225000030206701020000
+000129140225000030206701930000
+000228140225000030206702930000
+000600140225000030206702020000
+002110140225000030206701020000
+000604150225000030206702020000
+002109100225000030207301020000
+000159110225000030207301930000
+000310110225000030207302930000
+000601110225000030207302020000
+002109110225000030207301020000
+000035120225000030207301930000
+000132120225000030207302930000
+000710120225000030207301930000
+000810120225000030207302930000
+002313120225000030207301020000
+000230130225000030207301930000
+000330130225000030207302930000
+000851130225000030207302020000
+002112130225000030207301020000
+000300140225000030207301930000
+000400140225000030207302930000
+001000140225000030207302020000
+000045140225000030207301020000
+000300140225000030207301930000
+000400140225000030207302930000
+001000140225000030207302020000
+002111140225000030207301020000
+000218150225000030207301930000
+000318150225000030207302930000
+000601150225000030207302020000
+002112100225000030208101020000
+000125110225000030208101930000
+000225110225000030208102930000
+001118110225000030208101930000
+001218110225000030208102930000
+001233110225000030208102020000
+001234110225000030208102020000
+002121120225000030208101020000
+000232130225000030208101930000
+000330130225000030208102930000
+000604130225000030208102020000
+002109130225000030208101020000
+000100140225000030208101930000
+000200140225000030208102930000
+001300140225000030208102020000
+002356140225000030208101020000
+000601150225000030208102020000
+002113100225000030208201020000
+000235110225000030208201930000
+000335110225000030208202930000
+000700110225000030208201930000
+000800110225000030208202930000
+002112110225000030208201020000
+000100120225000030208201930000
+000300120225000030208202930000
+000040120225000030208201020000
+000100120225000030208201930000
+000300120225000030208202930000
+000001130225000030208202930000
+000001130225000030208201020000
+002116130225000030208201020000
+000200140225000030208201930000
+000300140225000030208202930000
+002114140225000030208201020000
+000200150225000030208201930000
+000300150225000030208202930000
+000611150225000030208202020000
+001922150225000030208201020000
+002310150225000030208202020000
+001200100225000030208501020000
+000000110225000030208501930000
+000100110225000030208502930000
+001400110225000030208501020000
+000300120225000030208502020000
+001200120225000030208501020000
+001830120225000030208502930000
+002130120225000030208501930000
+002230120225000030208502930000
+001630130225000030208501930000
+002240130225000030208502020000
+001158140225000030208501020000
+002152140225000030208502020000
+001248100225000030208601020000
+001909100225000030208601930000
+002046100225000030208602930000
+001248110225000030208601020000
+001800110225000030208601930000
+001900110225000030208602930000
+000000120225000030208602020000
+001248120225000030208601020000
+002110120225000030208601930000
+002210120225000030208602930000
+000057130225000030208601930000
+000200130225000030208602930000
+000311130225000030208602020000
+001248130225000030208601020000
+002129130225000030208601930000
+000007140225000030208602930000
+000034140225000030208602020000
+000007140225000030208601020000
+000034140225000030208602020000
+001248140225000030208601020000
+002050140225000030208601930000
+002150140225000030208602930000
+000011150225000030208601020000
+000030150225000030208602020000
+001200110225000030208901020000
+002148110225000030208902020000
+001200120225000030208901020000
+001201130225000030208901020000
+001700130225000030208902930000
+001200130225000030208901020000
+001700130225000030208902930000
+002148130225000030208902020000
+002300130225000030208902930000
+001430140225000030208901020000
+000140150225000030208902020000
+002111140225000030204901020000
+000602150225000030204902020000
+000600100225000312005101020000
+001100100225000312005101930000
+001200100225000312005102930000
+001700100225000312005101930000
+001800100225000312005102930000
+001900100225000312005102020000
+000600110225000312005101020000
+001110110225000312005101930000
+001210110225000312005102930000
+001700110225000312005102020000
+000600120225000312005101020000
+001100120225000312005101930000
+001700120225000312005101930000
+001800120225000312005102930000
+001900120225000312005102020000
+000600130225000312005101020000
+001100130225000312005101930000
+001200130225000312005102930000
+001700130225000312005101930000
+001800130225000312005102930000
+001900130225000312005102020000
+000600140225000312005101020000
+001100140225000312005101930000
+001800140225000312005102020000
+000500100225000038001001020000
+000600110225000038001001020000
+000830120225000038001001020000
+001412120225000038001002930000
+000005130225000038001002020000
+001000140225000038001001020000
+002209140225000038001001930000
+002309140225000038001002930000
+001000140225000038001001020000
+002209140225000038001001930000
+002309140225000038001002930000
+000900150225000038001001020000
+001200150225000038001001930000
+001300150225000038001002930000
