+000553100225000030109901020000
+001550100225000030109902020000
+000559110225000030109901020000
+001346110225000030109901930000
+002107110225000030109902020000
+000810120225000030109901020000
+001341120225000030109901930000
+001441120225000030109902930000
+001809120225000030109902020000
+000554130225000030109901020000
+001100130225000030109901930000
+001200130225000030109902930000
+001549130225000030109902020000
+000600140225000030109901020000
+001100140225000030109901930000
+001159140225000030109902930000
+001555140225000030109902020000
+000843150225000030109901020000
+001200150225000030109901930000
+001300150225000030109902930000
+001815150225000030109902020000
+000536100225000030127401020000
+001126100225000030127401930000
+001224100225000030127402930000
+001551100225000030127402020000
+000541110225000030127401020000
+001155110225000030127401930000
+001253110225000030127402930000
+001553110225000030127402020000
+000538120225000030127401020000
+001452120225000030127401930000
+001906120225000030127402020000
+000624130225000030127401020000
+001200130225000030127401930000
+001300130225000030127402930000
+001745130225000030127402020000
+000537140225000030127401020000
+001420140225000030127401930000
+001520140225000030127402930000
+001740140225000030127402020000
+000554150225000030127401020000
+001230150225000030127401930000
+001330150225000030127402930000
+001800150225000030127402020000
+000536100225000030133801020000
+001304100225000030133801930000
+001404100225000030133802930000
+001621100225000030133802020000
+000558110225000030133801020000
+001035110225000030133801930000
+001135110225000030133802930000
+001556110225000030133802020000
+000528120225000030133801020000
+001050120225000030133801930000
+001150120225000030133802930000
+001548120225000030133802020000
+000549130225000030133801020000
+001107130225000030133801930000
+001206130225000030133802930000
+001646130225000030133801930000
+001748130225000030133802930000
+001951130225000030133802020000
+001952130225000030133802020000
+000650140225000030133801020000
+000651140225000030133801020000
+001200140225000030133801930000
+001300140225000030133802930000
+001640140225000030133802020000
+000456150225000030133801020000
+001140150225000030133801930000
+001240150225000030133802930000
+001833150225000030133802020000
+000548100225000030135201020000
+001549100225000030135202020000
+000536110225000030135201020000
+001410110225000030135202930000
+001503110225000030135201020000
+001503110225000030135201020000
+001905110225000030135202020000
+000537120225000030135201020000
+001131120225000030135201930000
+001240120225000030135202930000
+001900120225000030135201930000
+002000120225000030135202930000
+002001120225000030135201020000
+000720130225000030135201020000
+001238130225000030135202930000
+001808130225000030135202930000
+001900130225000030135202020000
+000606140225000030135201020000
+001245140225000030135201930000
+001348140225000030135202930000
+001801140225000030135202020000
+000541150225000030135201020000
+001309150225000030135201930000
+001415150225000030135202930000
+002015150225000030135202020000
+000604100225000030139501020000
+001225100225000030139501930000
+001325100225000030139502930000
+001550100225000030139502020000
+000559110225000030139501020000
+001200110225000030139501930000
+001300110225000030139502930000
+001700110225000030139501930000
+001800110225000030139502930000
+001841110225000030139502020000
+000602120225000030139501020000
+001321120225000030139501930000
+001413120225000030139502930000
+001900120225000030139501930000
+002004120225000030139502930000
+002005120225000030139501020000
+000659130225000030139501020000
+001116130225000030139501930000
+001216130225000030139502930000
+001650130225000030139502020000
+000603140225000030139501020000
+001135140225000030139501930000
+001235140225000030139502930000
+001552140225000030139502020000
+000914150225000030139501020000
+001200150225000030139501930000
+001300150225000030139502930000
+001720150225000030139502020000
+001255100225000030140301020000
+001733100225000030140301930000
+001833100225000030140302930000
+002230100225000030140302020000
+001300110225000030140301020000
+001807110225000030140301930000
+001903110225000030140302930000
+002212110225000030140302020000
+001259120225000030140301020000
+001802120225000030140301930000
+001857120225000030140302930000
+002212120225000030140302020000
+001252130225000030140301020000
+001806130225000030140301930000
+001902130225000030140302930000
+002212130225000030140302020000
+001308140225000030140301020000
+001818140225000030140301930000
+001919140225000030140302930000
+002213140225000030140302020000
+000900150225000030140301020000
+001300150225000030140301930000
+001419150225000030140302930000
+002011150225000030140302020000
+002119100225000030162201020000
+000001110225000030162201930000
+000057110225000030162202930000
+000600110225000030162202020000
+002121110225000030162201020000
+000002120225000030162201930000
+000104120225000030162202930000
+000603120225000030162202020000
+002124120225000030162201020000
+000001130225000030162201930000
+000100130225000030162202930000
+000601130225000030162202020000
+002121130225000030162201020000
+000004140225000030162201930000
+000055140225000030162202930000
+000601140225000030162202020000
+002119140225000030162201020000
+000001150225000030162201930000
+000059150225000030162202930000
+000607150225000030162202020000
+000712100225000030162501020000
+001605100225000030162502930000
+002020100225000030162501930000
+002120100225000030162502930000
+002121100225000030162501020000
+000820110225000030162501020000
+001235110225000030162501930000
+001335110225000030162502930000
+001553110225000030162502020000
+000557120225000030162501020000
+001145120225000030162501930000
+001245120225000030162502930000
+001820120225000030162501930000
+001923120225000030162502930000
+000749130225000030162501020000
+001200130225000030162501930000
+001300130225000030162502930000
+002015130225000030162501930000
+002101130225000030162502930000
+002102130225000030162501020000
+001044140225000030162501020000
+001105140225000030162501930000
+001205140225000030162502930000
+001554140225000030162502020000
+000543100225000030166201020000
+001230100225000030166201930000
+001330100225000030166202930000
+001830100225000030166201930000
+001915100225000030166202930000
+000600110225000030166201020000
+001100110225000030166201930000
+001200110225000030166202930000
+001805110225000030166201930000
+001900110225000030166202930000
+002000110225000030166202020000
+000700120225000030166201020000
+001230120225000030166201930000
+001330120225000030166202930000
+001850120225000030166202020000
+000540130225000030166201020000
+001105130225000030166201930000
+001205130225000030166202930000
+001640130225000030166202020000
+000537140225000030166201020000
+001030140225000030166201930000
+001130140225000030166202930000
+001730140225000030166201930000
+001830140225000030166202930000
+002100140225000030166202020000
+000552100225000030168801020000
+001159100225000030168801930000
+001258100225000030168802930000
+001613100225000030168802020000
+000600110225000030168801020000
+001205110225000030168801930000
+001305110225000030168802930000
+002055110225000030168802020000
+000758120225000030168801020000
+001238120225000030168801930000
+001337120225000030168802930000
+001802120225000030168802020000
+000554130225000030168801020000
+001304130225000030168801930000
+001403130225000030168802930000
+001800130225000030168801930000
+001902130225000030168802930000
+002221130225000030168802020000
+000909140225000030168801020000
+001247140225000030168801930000
+001342140225000030168802930000
+001846140225000030168801930000
+001946140225000030168802930000
+000617150225000030168801020000
+001410150225000030168802930000
+001903150225000030168802020000
+000546100225000030171201020000
+001407100225000030171201930000
+001500100225000030171202930000
+001710100225000030171202020000
+001000110225000030171201020000
+001314110225000030171201930000
+001415110225000030171202930000
+001908110225000030171201930000
+002008110225000030171202930000
+002159110225000030171202020000
+000651120225000030171201020000
+001201120225000030171201020000
+001201120225000030171201020000
+001349120225000030171201930000
+001449120225000030171202930000
+002000120225000030171201930000
+002100120225000030171202930000
+002101120225000030171201020000
+000648130225000030171201020000
+001300130225000030171201930000
+001408130225000030171202930000
+001912130225000030171202020000
+000700140225000030171201020000
+001418140225000030171201930000
+001521140225000030171202930000
+001810140225000030171201930000
+001907140225000030171202930000
+002015140225000030171202020000
+000718150225000030171201020000
+001221150225000030171201930000
+001309150225000030171202930000
+001834150225000030171202020000
+000545100225000030171801020000
+001130100225000030171801930000
+001230100225000030171802930000
+001800100225000030171801930000
+001900100225000030171802930000
+002201100225000030171802020000
+000900110225000030171801020000
+001359110225000030171801930000
+001445110225000030171802930000
+001848110225000030171802020000
+000550120225000030171801020000
+001240120225000030171801930000
+001341120225000030171802930000
+001721120225000030171802020000
+000544130225000030171801020000
+001011130225000030171801930000
+001109130225000030171802930000
+001548130225000030171802020000
+000540140225000030171801020000
+001057140225000030171801930000
+001157140225000030171802930000
+001726140225000030171802020000
+000750150225000030171801020000
+001150150225000030171801930000
+001300150225000030171802930000
+001817150225000030171802020000
+002149100225000030174401020000
+000000110225000030174401930000
+000057110225000030174402930000
+000557110225000030174402020000
+001735110225000030174401020000
+000002120225000030174401930000
+000102120225000030174402930000
+000602120225000030174402020000
+001721120225000030174401020000
+000000130225000030174401930000
+000100130225000030174402930000
+000602130225000030174402020000
+001711130225000030174401020000
+000000140225000030174401930000
+000100140225000030174402930000
+000615140225000030174402020000
+001729140225000030174401020000
+000001150225000030174401930000
+000059150225000030174402930000
+000622150225000030174402020000
+001754150225000030174401020000
+000000160225000030174401930000
+000100160225000030174402930000
+000602160225000030174402020000
+001324100225000030178301020000
+001728100225000030178301930000
+001829100225000030178302930000
+002225100225000030178302020000
+001330110225000030178301020000
+001756110225000030178301930000
+001858110225000030178302930000
+002211110225000030178302020000
+001327120225000030178301020000
+001734120225000030178301930000
+001835120225000030178302930000
+002211120225000030178302020000
+001257130225000030178301020000
+001737130225000030178301930000
+001833130225000030178302930000
+002221130225000030178302020000
+001259140225000030178301020000
+001730140225000030178301930000
+001833140225000030178302930000
+002218140225000030178302020000
+000922150225000030178301020000
+001303150225000030178301930000
+001420150225000030178302930000
+002011150225000030178302020000
+000554100225000030178401020000
+001239100225000030178401930000
+001325100225000030178402930000
+001449100225000030178402020000
+000558110225000030178401020000
+001231110225000030178401930000
+001327110225000030178402930000
+001450110225000030178402020000
+000630120225000030178401020000
+001226120225000030178401930000
+001314120225000030178402930000
+001539120225000030178402020000
+000556130225000030178401020000
+001225130225000030178401930000
+001318130225000030178402930000
+001450130225000030178402020000
+000530140225000030178401020000
+001236140225000030178401930000
+001336140225000030178402930000
+001449140225000030178402020000
+000854100225000030182801020000
+001201100225000030182801930000
+001259100225000030182802930000
+001848100225000030182802020000
+000855110225000030182801020000
+001202110225000030182801930000
+001257110225000030182802930000
+001848110225000030182802020000
+000855120225000030182801020000
+001201120225000030182801930000
+001257120225000030182802930000
+001848120225000030182802020000
+000857130225000030182801020000
+001202130225000030182801930000
+001258130225000030182802930000
+001848130225000030182802020000
+000858140225000030182801020000
+001201140225000030182801930000
+001300140225000030182802930000
+001848140225000030182802020000
+000558100225000030198701020000
+001100100225000030198701930000
+001200100225000030198702930000
+001548100225000030198702020000
+000602110225000030198701020000
+001150110225000030198701930000
+001250110225000030198702930000
+001549110225000030198702020000
+000558120225000030198701020000
+001125120225000030198701930000
+001225120225000030198702930000
+001548120225000030198702020000
+000553130225000030198701020000
+001205130225000030198701930000
+001306130225000030198702930000
+001548130225000030198702020000
+000550140225000030198701020000
+001158140225000030198701930000
+001255140225000030198702930000
+001548140225000030198702020000
+000545100225000030201201020000
+001132100225000030201201930000
+001228100225000030201202930000
+001800100225000030201202020000
+000546110225000030201201020000
+001228110225000030201201930000
+001327110225000030201202930000
+001800110225000030201202020000
+000543120225000030201201020000
+001114120225000030201201930000
+001208120225000030201202930000
+001449120225000030201202020000
+000547130225000030201201020000
+001132130225000030201201930000
+001227130225000030201202930000
+001458130225000030201202020000
+001315100225000030201301020000
+001740100225000030201301930000
+001839100225000030201302930000
+002211100225000030201302020000
+001313110225000030201301020000
+001804110225000030201301930000
+001854110225000030201302930000
+002250110225000030201302020000
+001311120225000030201301020000
+001738120225000030201301930000
+001839120225000030201302930000
+002220120225000030201302020000
+001320130225000030201301020000
+001744130225000030201301930000
+001841130225000030201302930000
+001852130225000030201302930000
+002211130225000030201302020000
+001316140225000030201301020000
+001731140225000030201301930000
+001830140225000030201302930000
+002050140225000030201302930000
+000146150225000030201302020000
+001200150225000030201301020000
+001303150225000030201301930000
+001403150225000030201302930000
+002021150225000030201302020000
+000547100225000030204201020000
+001250100225000030204201930000
+001350100225000030204202930000
+001820100225000030204202020000
+000542110225000030204201020000
+001130110225000030204201930000
+001230110225000030204202930000
+001705110225000030204202020000
+000601120225000030204201020000
+001230120225000030204202930000
+001945120225000030204202930000
+001946120225000030204201020000
+000714130225000030204201020000
+001200130225000030204201930000
+001300130225000030204202930000
+002022130225000030204202020000
+000700140225000030204201020000
+001240140225000030204201930000
+001340140225000030204202930000
+002112100225000030204901020000
+000200110225000030204902930000
+001000110225000030204901930000
+001100110225000030204902930000
+002230110225000030204901020000
+000200120225000030204902930000
+000700120225000030204901930000
+000800120225000030204902930000
+002112120225000030204901020000
+000100130225000030204901930000
+000200130225000030204902930000
+000355130225000030204902930000
+000700130225000030204901930000
+000800130225000030204902930000
+002112130225000030204901020000
+000100140225000030204901930000
+000200140225000030204902930000
+000600140225000030204902020000
+002112140225000030204901020000
+000600150225000030204902020000
+000542100225000030205501020000
+001320100225000030205501930000
+001420100225000030205502930000
+001830100225000030205501930000
+001930100225000030205502930000
+002000100225000030205502020000
+000600110225000030205501020000
+001305110225000030205501930000
+001405110225000030205502930000
+001808110225000030205501930000
+001900110225000030205502930000
+001901110225000030205501020000
+000600120225000030205501020000
+001300120225000030205501930000
+001400120225000030205502930000
+001550120225000030205502020000
+000513130225000030205501020000
+001327130225000030205501930000
+001435130225000030205502930000
+001836130225000030205501930000
+001927130225000030205502930000
+002053130225000030205502020000
+000831140225000030205501020000
+001235140225000030205501930000
+001335140225000030205502930000
+001830140225000030205502020000
+001814100225000030205801020000
+000043110225000030205801930000
+000100110225000030205802930000
+000601110225000030205802020000
+000000120225000030205801930000
+000100120225000030205802930000
+000600120225000030205802020000
+000000130225000030205801930000
+000100130225000030205802930000
+000600130225000030205802020000
+000601130225000030205802020000
+001733130225000030205801020000
+000025140225000030205801930000
+000125140225000030205802930000
+000600140225000030205802020000
+001759140225000030205801020000
+000012150225000030205801930000
+000102150225000030205802930000
+000601150225000030205802020000
+000558100225000030205901020000
+001058100225000030205901930000
+001205100225000030205902930000
+001548100225000030205902020000
+000556110225000030205901020000
+001000110225000030205901930000
+001100110225000030205902930000
+001730110225000030205901930000
+001830110225000030205902930000
+002030110225000030205902020000
+000734120225000030205901020000
+001154120225000030205901930000
+001255120225000030205902930000
+001745120225000030205902020000
+000600130225000030205901020000
+001350130225000030205901930000
+001704130225000030205902020000
+000601140225000030205901020000
+001126140225000030205901930000
+001220140225000030205902930000
+001548140225000030205902020000
+000529150225000030205901020000
+001230150225000030205902930000
+001704150225000030205902020000
+000552100225000030206201020000
+001333100225000030206201930000
+001433100225000030206202930000
+001858100225000030206202020000
+000554110225000030206201020000
+001050110225000030206201930000
+001150110225000030206201930000
+001201110225000030206202020000
+000557120225000030206201020000
+001130120225000030206201930000
+001231120225000030206202930000
+001814120225000030206202020000
+000557130225000030206201020000
+001207130225000030206201930000
+001302130225000030206202930000
+001549130225000030206202020000
+000558140225000030206201020000
+001205140225000030206201930000
+001259140225000030206202930000
+001549140225000030206202020000
+000800150225000030206201020000
+001154150225000030206201930000
+001254150225000030206201930000
+001804150225000030206202020000
+001933100225000030207201020000
+000038110225000030207201930000
+000140110225000030207202930000
+000604110225000030207202020000
+001906110225000030207201020000
+000017120225000030207201930000
+000106120225000030207202930000
+000602120225000030207202020000
+001853120225000030207201020000
+000007130225000030207201930000
+000110130225000030207202930000
+000601130225000030207202020000
+001907130225000030207201020000
+000042140225000030207201930000
+000133140225000030207202930000
+000645140225000030207202020000
+001907140225000030207201020000
+000107150225000030207201930000
+000202150225000030207202930000
+000602150225000030207202020000
+001722100225000030207501020000
+000200110225000030207501930000
+000300110225000030207502930000
+001914110225000030207501930000
+002014110225000030207502930000
+000216120225000030207501930000
+000320120225000030207502930000
+000703120225000030207502020000
+001911120225000030207501020000
+002200120225000030207502930000
+000811130225000030207502020000
+001911130225000030207501020000
+000600100225000030207601020000
+001100100225000030207601930000
+001200100225000030207602930000
+001630100225000030207601930000
+001730100225000030207602930000
+001820100225000030207602020000
+000500120225000030207601020000
+000946120225000030207601930000
+001459120225000030207602930000
+001500120225000030207602020000
+000200130225000030207601020000
+000638130225000030207601930000
+000943130225000030207602930000
+001000130225000030207602020000
+001301130225000030207602930000
+001930130225000030207602020000
+000430140225000030207601020000
+000927140225000030207601930000
+001148140225000030207602930000
+001529140225000030207601930000
+001627140225000030207602930000
+001700140225000030207602020000
+001500100225000030207701020000
+002156100225000030207701930000
+002255100225000030207702930000
+000902110225000030207701020000
+001522110225000030207701930000
+001617110225000030207702930000
+002010110225000030207702020000
+000750120225000030207701020000
+001322120225000030207701930000
+001417120225000030207702930000
+001750120225000030207702020000
+000950130225000030207701020000
+001948130225000030207702020000
+000730140225000030207701020000
+001550140225000030207701930000
+001747140225000030207702930000
+001800140225000030207702020000
+001700100225000030207801020000
+002320100225000030207801930000
+000020110225000030207802930000
+000020110225000030207801020000
+000705110225000030207801930000
+000805110225000030207802930000
+000821110225000030207802020000
+001330100225000030207901020000
+001734100225000030207901930000
+001834100225000030207902930000
+002214100225000030207902020000
+001325110225000030207901020000
+001756110225000030207901930000
+001856110225000030207902930000
+002214110225000030207902020000
+001318120225000030207901020000
+001736120225000030207901930000
+001835120225000030207902930000
+002208120225000030207902020000
+001303130225000030207901020000
+001744130225000030207901930000
+001845130225000030207902930000
+002206130225000030207902020000
+001319140225000030207901020000
+001757140225000030207901930000
+001858140225000030207902930000
+002208140225000030207902020000
+000917150225000030207901020000
+001303150225000030207901930000
+001419150225000030207902930000
+002016150225000030207902020000
+001325100225000030208401020000
+001740100225000030208401930000
+001840100225000030208402930000
+002211100225000030208402020000
+001325110225000030208401020000
+001740110225000030208401930000
+001840110225000030208402930000
+002214110225000030208402020000
+001344120225000030208401020000
+001735120225000030208401930000
+001835120225000030208402930000
+002218120225000030208402020000
+001303130225000030208401020000
+001747130225000030208401930000
+001846130225000030208402930000
+002234130225000030208402020000
+001309140225000030208401020000
+001813140225000030208401930000
+001919140225000030208402930000
+002217140225000030208402020000
+000903150225000030208401020000
+001236150225000030208401930000
+001339150225000030208402930000
+002016150225000030208402020000
+000558100225000030033001020000
+001340100225000030033001930000
+001440100225000030033002930000
+001548100225000030033002020000
+000555110225000030033001020000
+001330110225000030033001930000
+001430110225000030033002930000
+001550110225000030033002020000
+000550140225000030033001020000
+001300140225000030033001930000
+001400140225000030033002930000
+001554140225000030033002020000
+001330100225000030082001020000
+001734100225000030082001930000
+001834100225000030082002930000
+002211100225000030082002020000
+001327110225000030082001020000
+001750110225000030082001930000
+001854110225000030082002930000
+002211110225000030082002020000
+001325120225000030082001020000
+001729120225000030082001930000
+001829120225000030082002930000
+002211120225000030082002020000
+001324130225000030082001020000
+001728130225000030082001930000
+001829130225000030082002930000
+002211130225000030082002020000
+001326140225000030082001020000
+001729140225000030082001930000
+001829140225000030082002930000
+002211140225000030082002020000
+000910150225000030082001020000
+001254150225000030082001930000
+001355150225000030082002930000
+002011150225000030082002020000
+000543100225000030095801020000
+001146100225000030095801930000
+001247100225000030095802930000
+001548100225000030095802020000
+000542110225000030095801020000
+001220110225000030095801930000
+001321110225000030095802930000
+001551110225000030095802020000
+000548120225000030095801020000
+001216120225000030095801930000
+001313120225000030095802930000
+001917120225000030095801930000
+002019120225000030095802930000
+002020120225000030095801020000
+000720130225000030095801020000
+001142130225000030095801930000
+001242130225000030095802930000
+001915130225000030095801930000
+002011130225000030095802930000
+002012130225000030095801020000
+000552140225000030095801020000
+001258140225000030095802930000
+001801140225000030095802020000
+001325100225000030098901020000
+001801100225000030098901930000
+001851100225000030098902930000
+002211100225000030098902020000
+001323110225000030098901020000
+001803110225000030098901930000
+001854110225000030098902930000
+002211110225000030098902020000
+001320120225000030098901020000
+001800120225000030098901930000
+001859120225000030098902930000
+002211120225000030098902020000
+001313130225000030098901020000
+001800130225000030098901930000
+001850130225000030098902930000
+002211130225000030098902020000
+001322140225000030098901020000
+001800140225000030098901930000
+001854140225000030098902930000
+002211140225000030098902020000
+000910150225000030098901020000
+001300150225000030098901930000
+001359150225000030098902930000
+002011150225000030098902020000
