+000654210825000030109901020000
+001040210825000030109901930000
+001140210825000030109902930000
+001705210825000030109902020000
+000449220825000030109901020000
+001043220825000030109901930000
+001142220825000030109902930000
+001956220825000030109902020000
+000704230825000030109901020000
+001211230825000030109901930000
+001313230825000030109902930000
+001713230825000030109902020000
+000531210825000030127401020000
+001130210825000030127401930000
+001230210825000030127402930000
+001740210825000030127401930000
+001900210825000030127402930000
+001901210825000030127401020000
+000600220825000030127401020000
+001105220825000030127401930000
+001203220825000030127402930000
+001548220825000030127402020000
+000600210825000030133801020000
+001257210825000030133801930000
+001357210825000030133802930000
+001539210825000030133802020000
+000556220825000030133801020000
+001115220825000030133801930000
+001215220825000030133802930000
+001821220825000030133802020000
+000518230825000030133801020000
+001053230825000030133801930000
+001153230825000030133802930000
+001819230825000030133802020000
+000541210825000030135201020000
+001027210825000030135201930000
+001129210825000030135202930000
+001930210825000030135201930000
+002030210825000030135202930000
+002101210825000030135202020000
+000802220825000030135201020000
+001342220825000030135201930000
+001445220825000030135202930000
+001931220825000030135202020000
+000631230825000030135201020000
+001300230825000030135201930000
+001400230825000030135202930000
+001750230825000030135202020000
+000625210825000030152601020000
+001100210825000030152601930000
+001200210825000030152602930000
+001849210825000030152602020000
+000535220825000030152601020000
+001210220825000030152601930000
+001310220825000030152602930000
+001811220825000030152602020000
+002114210825000030162201020000
+000001220825000030162201930000
+000102220825000030162202930000
+000608220825000030162202020000
+002114220825000030162201020000
+000003230825000030162201930000
+000100230825000030162202930000
+000603230825000030162202020000
+002028230825000030162201020000
+002302230825000030162201930000
+000002240825000030162202930000
+000605240825000030162202020000
+001035210825000030162501020000
+001800210825000030162501930000
+001900210825000030162502930000
+002320210825000030162502020000
+000920220825000030162501020000
+001800220825000030162501930000
+001900220825000030162502930000
+002359220825000030162502020000
+001059230825000030162501020000
+001230230825000030162501930000
+001330230825000030162502930000
+001428230825000030162502020000
+000740210825000030166201020000
+001200210825000030166201930000
+001300210825000030166202930000
+001800210825000030166201930000
+001859210825000030166202930000
+001900210825000030166202020000
+000600220825000030166201020000
+001112220825000030166201930000
+001135220825000030166202930000
+001747220825000030166202020000
+000554230825000030166201020000
+001302230825000030166201930000
+001353230825000030166202930000
+001700230825000030166202020000
+000556210825000030171201020000
+001143210825000030171201930000
+001247210825000030171202930000
+001817210825000030171201930000
+001917210825000030171202930000
+002000210825000030171202020000
+000700220825000030171201020000
+001202220825000030171201930000
+001302220825000030171202930000
+001840220825000030171201930000
+001940220825000030171202930000
+002026220825000030171202020000
+000724230825000030171201020000
+001204230825000030171201930000
+001304230825000030171202930000
+001820230825000030171201930000
+001920230825000030171202930000
+002021230825000030171202020000
+000712210825000030171801020000
+001200210825000030171801930000
+001259210825000030171802930000
+001830210825000030171802020000
+000556220825000030171801020000
+001305220825000030171801930000
+001403220825000030171802930000
+001736220825000030171802020000
+000553230825000030171801020000
+001206230825000030171801930000
+001310230825000030171802930000
+001710230825000030171802020000
+001800210825000030174401020000
+000002220825000030174401930000
+000102220825000030174402930000
+000604220825000030174402020000
+001802220825000030174401020000
+000003230825000030174401930000
+000100230825000030174402930000
+000604230825000030174402020000
+001806230825000030174401020000
+002302230825000030174401930000
+000002240825000030174402930000
+000602240825000030174402020000
+000551210825000030176601020000
+001710210825000030176601930000
+001814210825000030176602930000
+000535220825000030176601020000
+001245220825000030176601930000
+001345220825000030176602930000
+001814220825000030176601930000
+001912220825000030176602930000
+001913220825000030176602020000
+000612230825000030176601020000
+001030230825000030176601930000
+001130230825000030176602930000
+001629230825000030176602020000
+001342210825000030178301020000
+001735210825000030178301930000
+001836210825000030178302930000
+002239210825000030178302020000
+001346220825000030178301020000
+001802220825000030178301930000
+001902220825000030178302930000
+002238220825000030178302020000
+000555210825000030178401020000
+001213210825000030178401930000
+001306210825000030178402930000
+001448210825000030178402020000
+000556220825000030178401020000
+001219220825000030178401930000
+001316220825000030178402930000
+001449220825000030178402020000
+000556230825000030178401020000
+001200230825000030178401930000
+001300230825000030178402930000
+001701230825000030178402020000
+000925210825000030181801020000
+001249210825000030181801930000
+001349210825000030181802930000
+001738210825000030181801930000
+001831210825000030181802930000
+002147210825000030181802020000
+000951220825000030181801020000
+001124220825000030181801930000
+001216220825000030181802930000
+001830220825000030181801930000
+001930220825000030181802930000
+002134220825000030181802020000
+000656210825000030182801020000
+001200210825000030182801930000
+001257210825000030182802930000
+001848210825000030182802020000
+000655220825000030182801020000
+001202220825000030182801930000
+001255220825000030182802930000
+001859220825000030182802020000
+000800210825000030184401020000
+001205210825000030184401930000
+001305210825000030184402930000
+001855210825000030184401930000
+001955210825000030184402930000
+002000210825000030184402020000
+000700220825000030184401020000
+001120220825000030184401930000
+001220220825000030184402930000
+001554220825000030184402020000
+000513210825000030185501020000
+001205210825000030185501930000
+001305210825000030185502930000
+001700210825000030185501930000
+001800210825000030185502930000
+001932210825000030185502020000
+000556220825000030185501020000
+001140220825000030185501930000
+001242220825000030185502930000
+001548220825000030185502020000
+000553230825000030185501020000
+001259230825000030185501930000
+001358230825000030185502930000
+001702230825000030185502020000
+000840210825000030190401020000
+001302210825000030190401930000
+001403210825000030190402930000
+001941210825000030190401930000
+002041210825000030190402930000
+002112210825000030190402020000
+000741220825000030190401020000
+001216220825000030190401930000
+001318220825000030190402930000
+001800220825000030190401930000
+001858220825000030190402930000
+001900220825000030190402020000
+000558230825000030190401020000
+001200230825000030190401930000
+001259230825000030190402930000
+001810230825000030190402020000
+000600210825000030195101020000
+001130210825000030195101930000
+001230210825000030195102930000
+001550210825000030195102020000
+000557220825000030195101020000
+001225220825000030195101930000
+001325220825000030195102930000
+001705220825000030195101930000
+001805220825000030195102930000
+002219220825000030195102020000
+000820230825000030195101020000
+001200230825000030195101930000
+001300230825000030195102930000
+001750230825000030195101930000
+001850230825000030195102930000
+002023230825000030195102020000
+000622210825000030198701020000
+001032210825000030198701930000
+001135210825000030198702930000
+001549210825000030198702020000
+000555220825000030198701020000
+001138220825000030198701930000
+001238220825000030198702930000
+001741220825000030198702020000
+000558230825000030198701020000
+001205230825000030198701930000
+001305230825000030198702930000
+001647230825000030198702020000
+000752210825000030199601020000
+001200210825000030199601930000
+001304210825000030199602930000
+001754210825000030199602020000
+000557220825000030199601020000
+001220220825000030199601930000
+001320220825000030199602930000
+001751220825000030199602020000
+001304210825000030201201020000
+001805210825000030201201930000
+001903210825000030201202930000
+002238210825000030201202020000
+001303220825000030201201020000
+001755220825000030201201930000
+001855220825000030201202930000
+002238220825000030201202020000
+001324210825000030201301020000
+001740210825000030201301930000
+001840210825000030201302930000
+002310210825000030201302020000
+001339220825000030201301020000
+001733220825000030201301930000
+001833220825000030201302930000
+000040230825000030201302020000
+001339220825000030201301020000
+001733220825000030201301930000
+001833220825000030201302930000
+000040230825000030201302020000
+000554210825000030202901020000
+001147210825000030202901930000
+001246210825000030202902930000
+001701210825000030202902020000
+000555220825000030202901020000
+001156220825000030202901930000
+001256220825000030202902930000
+001448220825000030202902020000
+000555230825000030202901020000
+001157230825000030202901930000
+001259230825000030202902930000
+001700230825000030202902020000
+000830210825000030204201020000
+001240210825000030204201930000
+001340210825000030204202930000
+001800210825000030204201930000
+001900210825000030204202930000
+001903210825000030204202020000
+000624220825000030204201020000
+001200220825000030204201930000
+001300220825000030204202930000
+001700220825000030204201930000
+001800220825000030204202930000
+001801220825000030204201020000
+000500230825000030204201020000
+001224230825000030204201930000
+001324230825000030204202930000
+001917230825000030204202020000
+000704210825000030205501020000
+001200210825000030205501930000
+001300210825000030205502930000
+001800210825000030205501930000
+001900210825000030205502930000
+002040210825000030205502020000
+000753220825000030205501020000
+001210220825000030205501930000
+001310220825000030205502930000
+001858220825000030205502020000
+001130240825000030205501020000
+001600240825000030205501930000
+001700240825000030205502930000
+002200240825000030205501930000
+002300240825000030205502930000
+000130250825000030205502020000
+001130240825000030205501020000
+001600240825000030205501930000
+001700240825000030205502930000
+002200240825000030205501930000
+002300240825000030205502930000
+000130250825000030205502020000
+001819210825000030205801020000
+000013220825000030205801930000
+000114220825000030205802930000
+000600220825000030205802020000
+001755220825000030205801020000
+000001230825000030205801930000
+000100230825000030205802930000
+000600230825000030205802020000
+000600240825000030205801020000
+001200240825000030205801930000
+001302240825000030205802930000
+001800240825000030205802020000
+000601210825000030208401020000
+001300210825000030208401930000
+001400210825000030208402930000
+001720210825000030208401930000
+001820210825000030208402930000
+001930210825000030208402020000
+000637220825000030208401020000
+001200220825000030208401930000
+001300220825000030208402930000
+001840220825000030208401930000
+001940220825000030208402930000
+002101220825000030208402020000
+000752210825000030209901020000
+001323210825000030209901930000
+001425210825000030209902930000
+002030210825000030209901930000
+002130210825000030209902930000
+002210210825000030209902020000
+000704220825000030209901020000
+001200220825000030209901930000
+001300220825000030209902930000
+001808220825000030209902020000
+000558230825000030209901020000
+001132230825000030209901930000
+001235230825000030209902930000
+001915230825000030209902020000
+000752210825000030213501020000
+001216210825000030213501930000
+001320210825000030213502930000
+001717210825000030213501930000
+001816210825000030213502930000
+002038210825000030213502020000
+000748220825000030213501020000
+001925220825000030213501930000
+002020220825000030213502930000
+002206220825000030213502020000
+000950230825000030213501020000
+001115230825000030213501930000
+001215230825000030213502930000
+001920230825000030213501930000
+002020230825000030213502930000
+002145230825000030213502020000
+000800210825000030213601020000
+001300210825000030213601930000
+001400210825000030213602930000
+001726210825000030213602020000
+000555220825000030213601020000
+001100220825000030213601930000
+001200220825000030213602930000
+001713220825000030213602020000
+000546210825000030213701020000
+001100210825000030213701930000
+001200210825000030213702930000
+001438210825000030213702020000
+000552220825000030213701020000
+001149220825000030213701930000
+001250220825000030213702930000
+001750220825000030213702020000
+000602230825000030213701020000
+001137230825000030213701930000
+001241230825000030213702930000
+001655230825000030213702020000
+000947210825000030215301020000
+001213210825000030215301930000
+001308210825000030215302930000
+002239210825000030215302020000
+001348220825000030215301020000
+001900220825000030215301930000
+002000220825000030215302930000
+000038230825000030215302020000
+001348220825000030215301020000
+001900220825000030215301930000
+002000220825000030215302930000
+000038230825000030215302020000
+000552210825000003033001020000
+001211210825000003033001930000
+001311210825000003033002930000
+001914210825000003033001930000
+002008210825000003033002930000
+002056210825000003033002020000
+000750220825000003033001020000
+001251220825000003033001930000
+001348220825000003033002930000
+001845220825000003033001930000
+001955220825000003033002930000
+002136220825000003033002020000
+000658230825000003033001020000
+001100230825000003033001930000
+001200230825000003033002930000
+001732230825000003033002020000
+001349210825000003048201020000
+001731210825000003048201930000
+001829210825000003048202930000
+002238210825000003048202020000
+001351220825000003048201020000
+001737220825000003048201930000
+001839220825000003048202930000
+002238220825000003048202020000
+000552210825000003095801020000
+001348210825000003095801930000
+001449210825000003095802930000
+001804210825000003095802020000
+000555220825000003095801020000
+001158220825000003095801930000
+001259220825000003095802930000
+001839220825000003095801930000
+001948220825000003095802930000
+002134220825000003095802020000
