+000700131025000031200301020000
+001200131025000031200301930000
+001300131025000031200301930000
+001301131025000031200302930000
+001800131025000031200302020000
+000700141025000031200301020000
+001200141025000031200301930000
+001300141025000031200302930000
+001930141025000031200302020000
+000700151025000031200301020000
+002000151025000031200302020000
+000700161025000031200301020000
+001200161025000031200301930000
+001300161025000031200302930000
+002030161025000031200302020000
+000730171025000031200301020000
+001200171025000031200301930000
+001300171025000031200302930000
+001720171025000031200302020000
+000655201025000031200301020000
+001200201025000031200301930000
+001300201025000031200302930000
+001810201025000031200302020000
+000800131025000031201701020000
+001200131025000031201701930000
+001300131025000031201702930000
+001800131025000031201701930000
+001900131025000031201702930000
+000300141025000031201702020000
+000800131025000031201701020000
+001200131025000031201701930000
+001300131025000031201702930000
+001800131025000031201701930000
+001900131025000031201702930000
+000300141025000031201702020000
+001400141025000031201701020000
+001800141025000031201701930000
+001900141025000031201702930000
+001200151025000031201701020000
+001900151025000031201701930000
+002000151025000031201702930000
+002110151025000031201702020000
+000810161025000031201701020000
+001100161025000031201701930000
+001200161025000031201702930000
+001800161025000031201701930000
+001900161025000031201702930000
+000300171025000031201702020000
+000810161025000031201701020000
+001100161025000031201701930000
+001200161025000031201702930000
+001800161025000031201701930000
+001900161025000031201702930000
+000300171025000031201702020000
+001400171025000031201701020000
+001900171025000031201701930000
+002000171025000031201702930000
+000300181025000031201702020000
+000800201025000031201701020000
+001100201025000031201701930000
+001200201025000031201702930000
+002000201025000031201701930000
+002100201025000031201702930000
+000000211025000031201702020000
+000800201025000031201701020000
+001100201025000031201701930000
+001200201025000031201702930000
+002000201025000031201701930000
+002100201025000031201702930000
+000000211025000031201702020000
+000600131025000031203401020000
+001100131025000031203401930000
+001200131025000031203401930000
+001201131025000031203402930000
+001730131025000031203401930000
+001830131025000031203401930000
+001831131025000031203402930000
+001900131025000031203402020000
+000600141025000031203401020000
+001100141025000031203401930000
+001200141025000031203402930000
+001620141025000031203402020000
+000530151025000031203401020000
+001100151025000031203401930000
+001200151025000031203402930000
+001800151025000031203401930000
+001900151025000031203401930000
+001901151025000031203402930000
+001920151025000031203402020000
+000620161025000031203401020000
+001100161025000031203401930000
+001200161025000031203401930000
+001201161025000031203402930000
+001800161025000031203402020000
+000530171025000031203401020000
+001100171025000031203401930000
+001200171025000031203401930000
+001201171025000031203402930000
+001700171025000031203401930000
+001800171025000031203401930000
+001801171025000031203402930000
+001900171025000031203402020000
+000600181025000031203401020000
+001100181025000031203401930000
+001200181025000031203402930000
+001600181025000031203402020000
+000600201025000031203401020000
+001100201025000031203401930000
+001200201025000031203401930000
+001201201025000031203402930000
+001730201025000031203401930000
+001830201025000031203401930000
+001831201025000031203402930000
+000830131025000031204101020000
+001200131025000031204101930000
+001300131025000031204101930000
+001301131025000031204102930000
+001900131025000031204101930000
+002000131025000031204101930000
+002001131025000031204102930000
+002330131025000031204102020000
+001030141025000031204101020000
+001200141025000031204101930000
+001300141025000031204102930000
+002030141025000031204102020000
+001030151025000031204101020000
+001230151025000031204101930000
+001330151025000031204102930000
+002030151025000031204102020000
+001000161025000031204101020000
+001230161025000031204101930000
+001330161025000031204102930000
+001930161025000031204101930000
+002030161025000031204101930000
+002031161025000031204102930000
+002130161025000031204102020000
+000830171025000031204101020000
+001200171025000031204101930000
+001300171025000031204101930000
+001301171025000031204102930000
+001830171025000031204102020000
+000600181025000031204101020000
+001200181025000031204101930000
+001300181025000031204102930000
+001700181025000031204102020000
+000800201025000031204101020000
+001230201025000031204101930000
+001330201025000031204101930000
+001331201025000031204102930000
+001945201025000031204102020000
