+000601110226000030109901020000
+001100110226000030109901930000
+001200110226000030109902930000
+001715110226000030109901020000
+000735120226000030109901020000
+001219120226000030109901930000
+001319120226000030109902930000
+001901120226000030109901930000
+002001120226000030109902930000
+002002120226000030109902020000
+000701130226000030109901020000
+001200130226000030109901930000
+001258130226000030109902930000
+001815130226000030109901930000
+001915130226000030109902930000
+001916130226000030109901020000
+000616140226000030109901020000
+001100140226000030109901930000
+001158140226000030109902930000
+001615140226000030109902020000
+000808110226000030127401020000
+001220110226000030127401930000
+001320110226000030127402930000
+001756110226000030127402020000
+001800110226000030127401930000
+001900110226000030127402930000
+001910110226000030127402020000
+000607120226000030127401020000
+001200120226000030127401930000
+001300120226000030127402930000
+001640120226000030127402020000
+000551130226000030127401020000
+001240130226000030127401930000
+001340130226000030127402930000
+001715130226000030127401020000
+000555140226000030127401020000
+001323140226000030127401930000
+001426140226000030127402930000
+001720140226000030127402020000
+000735110226000030133801020000
+001053110226000030133801930000
+001153110226000030133802930000
+001800110226000030133801930000
+001900110226000030133802930000
+001949110226000030133802020000
+000555130226000030133801020000
+001730130226000030133801930000
+001831130226000030133802930000
+002350130226000030133802020000
+000600110226000030139501020000
+001200110226000030139501930000
+001300110226000030139502930000
+001700110226000030139501930000
+001800110226000030139502930000
+001845110226000030139501020000
+000559120226000030139501020000
+001230120226000030139501930000
+001231120226000030139502930000
+001740120226000030139501020000
+000602130226000030139501020000
+001228130226000030139501930000
+001333130226000030139502930000
+001722130226000030139501930000
+001822130226000030139502930000
+000500140226000030139501020000
+001124140226000030139501930000
+001307140226000030139502020000
+000754110226000030152601020000
+001249110226000030152601930000
+001354110226000030152602930000
+001814110226000030152601930000
+001048120226000030152601020000
+001623120226000030152601930000
+001723120226000030152602930000
+001827120226000030152601020000
+000537130226000030152601020000
+001109130226000030152601930000
+001210130226000030152602930000
+002017130226000030152601930000
+002116130226000030152602930000
+002320130226000030152602020000
+002117110226000030162201020000
+000006120226000030162201930000
+000108120226000030162202930000
+000607120226000030162201020000
+002115120226000030162201020000
+000119130226000030162201930000
+000220130226000030162202930000
+000609130226000030162201020000
+002119130226000030162201020000
+000000140226000030162201930000
+000100140226000030162202930000
+000606140226000030162201020000
+002041140226000030162201020000
+002302140226000030162201930000
+000004150226000030162202930000
+000612150226000030162201020000
+000540110226000030162501020000
+001538110226000030162501930000
+001639110226000030162502930000
+001900110226000030162501930000
+002008110226000030162502930000
+002028110226000030162502020000
+000557130226000030162501020000
+001140130226000030162501930000
+001240130226000030162502930000
+001709130226000030162502020000
+000758140226000030162501020000
+001310140226000030162501930000
+001410140226000030162502930000
+001631140226000030162501020000
+000557110226000030166201020000
+001130110226000030166201930000
+001230110226000030166202930000
+001730110226000030166201930000
+001830110226000030166202930000
+002000110226000030166202020000
+000700120226000030166201020000
+001130120226000030166201930000
+001230120226000030166202930000
+001755120226000030166201930000
+001855120226000030166202930000
+001920120226000030166201020000
+000620130226000030166201020000
+001230130226000030166201930000
+001330130226000030166202930000
+001800130226000030166201930000
+001900130226000030166202930000
+001901130226000030166201020000
+000600140226000030166201020000
+001200140226000030166201930000
+001201140226000030166202930000
+001905140226000030166201020000
+000514110226000030168801020000
+001121110226000030168801930000
+001221110226000030168802930000
+001746110226000030168801930000
+001846110226000030168802930000
+002040110226000030168802020000
+000710120226000030168801020000
+001310120226000030168801930000
+001410120226000030168802930000
+001800120226000030168801930000
+001900120226000030168802930000
+001935120226000030168801020000
+000621130226000030168801020000
+001210130226000030168801930000
+001309130226000030168802930000
+001759130226000030168801930000
+001858130226000030168802930000
+000901140226000030168801020000
+001320140226000030168801930000
+001427140226000030168802930000
+001825140226000030168802020000
+000744110226000030171201020000
+001151110226000030171201930000
+001245110226000030171202930000
+001800110226000030171201930000
+001900110226000030171202930000
+000642120226000030171201020000
+001247120226000030171201930000
+001347120226000030171202930000
+001800120226000030171201930000
+001901120226000030171202930000
+002100120226000030171202020000
+000606130226000030171201020000
+001236130226000030171201930000
+001810130226000030171201930000
+001911130226000030171202930000
+002100130226000030171202020000
+000605140226000030171201020000
+001620140226000030171202020000
+001838110226000030174401020000
+002100110226000030174401930000
+002200110226000030174402930000
+002300110226000030174401020000
+001800120226000030174401020000
+002200120226000030174401930000
+002300120226000030174402930000
+000600130226000030174401020000
+001738130226000030174401020000
+000000140226000030174401930000
+000100140226000030174402930000
+000601140226000030174401020000
+001836140226000030174401020000
+002302140226000030174401930000
+000004150226000030174402930000
+000601150226000030174401020000
+000549110226000030176601020000
+001311110226000030176601930000
+001411110226000030176602930000
+001734110226000030176601930000
+001843110226000030176602930000
+002056110226000030176602020000
+000723120226000030176601020000
+001130120226000030176601930000
+001230120226000030176602930000
+001839120226000030176601020000
+000550130226000030176601020000
+001233130226000030176601930000
+001333130226000030176602930000
+001752130226000030176601930000
+001852130226000030176602930000
+000608140226000030176601020000
+001100140226000030176601930000
+001200140226000030176602930000
+001643140226000030176602020000
+001315110226000030178301020000
+001810110226000030178301930000
+001909110226000030178302930000
+002239110226000030178301020000
+001329120226000030178301020000
+001737120226000030178301930000
+001841120226000030178302930000
+002238120226000030178301020000
+001338130226000030178301020000
+001735130226000030178301930000
+001835130226000030178302930000
+002239130226000030178301020000
+000908140226000030178301020000
+001249140226000030178301930000
+001349140226000030178302930000
+002038140226000030178301020000
+000558110226000030178401020000
+001237110226000030178401930000
+001328110226000030178402930000
+001454110226000030178401020000
+000552120226000030178401020000
+001449120226000030178401020000
+001450120226000030178401020000
+000610130226000030178401020000
+001220130226000030178401930000
+001320130226000030178402930000
+001506130226000030178401020000
+000552110226000030181801020000
+001155110226000030181801930000
+001248110226000030181802930000
+001841110226000030181802020000
+000549120226000030181801020000
+001230120226000030181801930000
+001330120226000030181802930000
+001745120226000030181801020000
+000540130226000030181801020000
+001132130226000030181801930000
+001226130226000030181802930000
+001615130226000030181802020000
+000623110226000030185501020000
+001200110226000030185501930000
+001301110226000030185502930000
+001726110226000030185501930000
+001824110226000030185502930000
+000525120226000030185501020000
+001425120226000030185501930000
+001525120226000030185502930000
+001622120226000030185501020000
+000525120226000030185501020000
+001425120226000030185501930000
+001525120226000030185502930000
+001622120226000030185501020000
+000554130226000030185501020000
+001256130226000030185501930000
+001356130226000030185502930000
+001812130226000030185501930000
+001916130226000030185502930000
+000133140226000030185502020000
+000552110226000030190401020000
+001250110226000030190401930000
+001350110226000030190402930000
+001900110226000030190401930000
+002000110226000030190402930000
+002300110226000030190401020000
+000728120226000030190401020000
+001335120226000030190401930000
+001432120226000030190402930000
+002026120226000030190401930000
+002126120226000030190402930000
+002359120226000030190402020000
+000800130226000030190401020000
+001211130226000030190401930000
+001310130226000030190402930000
+002218130226000030190401930000
+002317130226000030190402930000
+002318130226000030190402020000
+000653140226000030190401020000
+001300140226000030190401930000
+001400140226000030190402930000
+001731140226000030190402020000
+000500110226000030195101020000
+001030110226000030195101930000
+001130110226000030195102930000
+001730110226000030195101020000
+000549120226000030195101020000
+001100120226000030195101930000
+001200120226000030195102930000
+001705120226000030195101930000
+001805120226000030195102930000
+002230120226000030195102020000
+000946130226000030195101020000
+001320130226000030195101930000
+001420130226000030195102930000
+001800130226000030195102020000
+000553140226000030195101020000
+001100140226000030195101930000
+001101140226000030195101930000
+001200140226000030195102930000
+001708140226000030195101020000
+000557110226000030198701020000
+001252110226000030198701930000
+001352110226000030198702930000
+001904110226000030198702020000
+000948120226000030198701020000
+001321120226000030198701930000
+001422120226000030198702930000
+001546120226000030198702020000
+000553130226000030198701020000
+001217130226000030198701930000
+001316130226000030198702930000
+001935130226000030198701930000
+002039130226000030198702930000
+002040130226000030198701020000
+000816140226000030198701020000
+001144140226000030198701930000
+001243140226000030198702930000
+001558140226000030198702020000
+000640110226000030199601020000
+001140110226000030199601930000
+001240110226000030199602930000
+002000110226000030199602020000
+000700120226000030199601020000
+001100120226000030199601930000
+001200120226000030199602930000
+001900120226000030199601020000
+000611130226000030199601020000
+001254130226000030199601930000
+001356130226000030199602930000
+001800130226000030199602020000
+001348110226000030201301020000
+001752110226000030201301930000
+001858110226000030201302930000
+002308110226000030201301020000
+001128120226000030201301020000
+001440120226000030201301930000
+001540120226000030201302930000
+002241120226000030201301020000
+001330130226000030201301020000
+002100130226000030201301930000
+002200130226000030201302930000
+000014140226000030201301020000
+000821140226000030201301020000
+001249140226000030201301930000
+001349140226000030201302930000
+002000140226000030201301020000
+000554110226000030202901020000
+001200110226000030202901930000
+001300110226000030202902930000
+001718110226000030202901020000
+000554120226000030202901020000
+001218120226000030202901930000
+001318120226000030202902930000
+001448120226000030202901020000
+000554130226000030202901020000
+001222130226000030202901930000
+001321130226000030202902930000
+001448130226000030202901020000
+000557130226000030204201020000
+001230130226000030204201930000
+001330130226000030204202930000
+001947130226000030204201020000
+000705140226000030204201020000
+001100140226000030204201930000
+001200140226000030204202930000
+001741140226000030204201020000
+000722110226000030205501020000
+001217110226000030205501930000
+001320110226000030205502930000
+001745110226000030205501930000
+001839110226000030205502930000
+001903110226000030205502020000
+000555120226000030205501020000
+001235120226000030205501930000
+001335120226000030205502930000
+001733120226000030205501020000
+000608130226000030205501020000
+001100130226000030205501930000
+001200130226000030205502930000
+001720130226000030205501020000
+001850110226000030205801020000
+002359110226000030205801930000
+000109120226000030205802930000
+000555120226000030205801020000
+001800120226000030205801020000
+002320120226000030205801930000
+000020130226000030205801930000
+000556130226000030205802020000
+001818130226000030205801020000
+000000140226000030205801930000
+000059140226000030205802930000
+000600140226000030205801020000
+001839140226000030205801020000
+002359140226000030205801930000
+000059150226000030205802930000
+000600150226000030205801020000
+001346110226000030206201020000
+001740110226000030206201930000
+001840110226000030206202930000
+002238110226000030206201020000
+001346120226000030206201020000
+001757120226000030206201930000
+001853120226000030206202930000
+002238120226000030206201020000
+001345130226000030206201020000
+001737130226000030206201930000
+001837130226000030206202930000
+002238130226000030206201020000
+000911140226000030206201020000
+001319140226000030206201930000
+001418140226000030206202930000
+002038140226000030206201020000
+000552110226000030209901020000
+001100110226000030209901930000
+001200110226000030209902930000
+001747110226000030209901930000
+001844110226000030209902930000
+002031110226000030209902020000
+000604120226000030209901020000
+001335120226000030209901930000
+001435120226000030209902930000
+001910120226000030209901020000
+000615130226000030209901020000
+001108130226000030209901930000
+001205130226000030209902930000
+001732130226000030209901930000
+001841130226000030209902930000
+002109130226000030209902020000
+000500140226000030209901020000
+001013140226000030209901930000
+001115140226000030209902930000
+001427140226000030209902020000
+000739110226000030216401020000
+001100110226000030216401930000
+001200110226000030216402930000
+001659110226000030216401930000
+001930110226000030216402930000
+001931110226000030216401020000
+000630120226000030216401020000
+001300120226000030216401930000
+001400120226000030216402930000
+001700120226000030216402020000
+000554130226000030216401020000
+001100130226000030216401930000
+001200130226000030216402930000
+001654130226000030216401020000
+000600140226000030216401020000
+001015140226000030216401930000
+001115140226000030216402930000
+001653140226000030216401020000
+000555110226000030216701020000
+001200110226000030216701930000
+001300110226000030216702930000
+001815110226000030216701930000
+001856110226000030216702930000
+001958110226000030216702020000
+000650120226000030216701020000
+001120120226000030216701930000
+001220120226000030216702930000
+001730120226000030216701930000
+001816120226000030216702930000
+002103120226000030216702020000
+000741130226000030216701020000
+001115130226000030216701930000
+001215130226000030216702930000
+002045130226000030216701930000
+002145130226000030216702930000
+000108140226000030216702020000
+000554110226000030218901020000
+001200110226000030218901930000
+001300110226000030218902930000
+001448110226000030218901020000
+000600120226000030218901020000
+001200120226000030218901930000
+001300120226000030218902930000
+001541120226000030218901020000
+000555130226000030218901020000
+001220130226000030218901930000
+001320130226000030218902930000
+001448130226000030218901020000
+000556110226000030219301020000
+001310110226000030219301930000
+001410110226000030219302930000
+001529110226000030219302020000
+000537120226000030219301020000
+001055120226000030219301930000
+001154120226000030219302930000
+001548120226000030219302020000
+000556130226000030219301020000
+001221130226000030219301930000
+001344130226000030219302930000
+001752130226000030219301930000
+001851130226000030219302930000
+000112140226000030219302020000
+000916140226000030219301020000
+000930140226000030219301930000
+001129140226000030219302020000
+000557110226000030219701020000
+001200110226000030219701930000
+001300110226000030219702930000
+001548110226000030219701020000
+000557120226000030219701020000
+001300120226000030219701930000
+001400120226000030219702930000
+001834120226000030219702020000
+000530130226000030219701020000
+001200130226000030219701930000
+001300130226000030219702930000
+002120130226000030219702020000
+000600140226000030219701020000
+001130140226000030219701930000
+001230140226000030219702930000
+001648140226000030219702020000
+000959110226000030219801020000
+001752110226000030219801930000
+001847110226000030219802930000
+002239110226000030219801020000
+000956120226000030219801020000
+001759120226000030219801930000
+001851120226000030219802930000
+002346120226000030219801020000
+000952130226000030219801020000
+001851130226000030219801930000
+001951130226000030219802930000
+002240130226000030219801020000
+000907140226000030219801020000
+001206140226000030219801930000
+001300140226000030219802930000
+002015140226000030219801020000
+000557110226000003033001020000
+001145110226000003033001930000
+001232110226000003033002930000
+002124110226000003033001930000
+002223110226000003033002930000
+002224110226000003033001020000
+000819120226000003033001020000
+001254120226000003033001930000
+001354120226000003033002930000
+001944120226000003033001930000
+002044120226000003033002930000
+002200120226000003033002020000
+000635130226000003033001020000
+001309130226000003033001930000
+001412130226000003033002930000
+001941130226000003033001930000
+002040130226000003033002930000
+002041130226000003033001020000
+000736140226000003033001020000
+001243140226000003033002930000
+001530140226000003033002020000
+001347110226000003048201020000
+001810110226000003048201930000
+001857110226000003048202930000
+002238110226000003048201020000
+001352120226000003048201020000
+001750120226000003048201930000
+001840120226000003048202930000
+002238120226000003048201020000
+001345130226000003048201020000
+001748130226000003048201930000
+001846130226000003048202930000
+002238130226000003048201020000
+000920140226000003048201020000
+001259140226000003048201930000
+001356140226000003048202930000
+002038140226000003048201020000
+001345120226000003082001020000
+001735120226000003082001930000
+001835120226000003082002930000
+002238120226000003082001020000
+001350130226000003082001020000
+001736130226000003082001930000
+001835130226000003082002930000
+002238130226000003082001020000
+000929140226000003082001020000
+001251140226000003082001930000
+001350140226000003082002930000
+002037140226000003082001020000
+000553110226000003095801020000
+001200110226000003095801930000
+001300110226000003095802930000
+001725110226000003095801020000
+000556120226000003095801020000
+001130120226000003095801930000
+001230120226000003095802930000
+001700120226000003095802020000
+000550130226000003095801020000
+001100130226000003095801930000
+001200130226000003095802930000
+001548130226000003095801020000
