+000551190525000030109901020000
+001110190525000030109901930000
+001210190525000030109902930000
+001658190525000030109902020000
+000555200525000030109901020000
+001125200525000030109901930000
+002008200525000030109901930000
+002106200525000030109902930000
+002125200525000030109902020000
+001200210525000030109901930000
+001300210525000030109902930000
+001852210525000030109901930000
+001951210525000030109902930000
+000556190525000030127401020000
+001323190525000030127401930000
+001423190525000030127402930000
+001551190525000030127402020000
+000556200525000030127401020000
+001122200525000030127401930000
+001219200525000030127402930000
+001624200525000030127402020000
+000555190525000030133801020000
+001100190525000030133801930000
+001200190525000030133802930000
+001753190525000030133802020000
+000556200525000030133801020000
+001110200525000030133801930000
+001210200525000030133802930000
+001548200525000030133802020000
+000555190525000030135201020000
+001030190525000030135201930000
+001130190525000030135202930000
+001926190525000030135202020000
+000621200525000030135201020000
+001918200525000030135201930000
+002017200525000030135202930000
+001049210525000030135201930000
+001150210525000030135202930000
+001731210525000030135202020000
+000559190525000030139501020000
+001210190525000030139501930000
+001255190525000030139502930000
+001549190525000030139502020000
+000557200525000030139501020000
+001220200525000030139501930000
+001320200525000030139502930000
+001553200525000030139502020000
+001857190525000030140301020000
+000011200525000030140301930000
+000108200525000030140302930000
+000600200525000030140302020000
+001913200525000030140301020000
+000001210525000030140301930000
+000055210525000030140302930000
+000603210525000030140302020000
+000557190525000030152601020000
+001136190525000030152601930000
+001236190525000030152602930000
+001614190525000030152602020000
+000601200525000030152601020000
+001145200525000030152601930000
+001245200525000030152602930000
+001552200525000030152602020000
+002113190525000030162201020000
+000008200525000030162201930000
+000105200525000030162202930000
+000600200525000030162202020000
+002115200525000030162201020000
+000001210525000030162201930000
+000058210525000030162202930000
+000608210525000030162202020000
+000559190525000030162501020000
+001215190525000030162501930000
+001317190525000030162502930000
+001551190525000030162502020000
+000553200525000030162501020000
+001055200525000030162501930000
+001155200525000030162502930000
+001702200525000030162502020000
+000600200525000030166201020000
+001200200525000030166201930000
+001300200525000030166202930000
+001720200525000030166201930000
+001820200525000030166202930000
+001916200525000030166202020000
+000558190525000030168801020000
+001239190525000030168801930000
+001339190525000030168802930000
+001741190525000030168802020000
+000857200525000030168801020000
+001240200525000030168801930000
+001340200525000030168802930000
+001747200525000030168801930000
+001840200525000030168802930000
+001943200525000030168802020000
+001400210525000030168802930000
+001727210525000030168801930000
+001827210525000030168802930000
+002020210525000030168802020000
+000555190525000030171201020000
+001020190525000030171201930000
+001120190525000030171202930000
+001945190525000030171201930000
+002045190525000030171202930000
+002200190525000030171202020000
+001155200525000030171201930000
+001255200525000030171202930000
+001900200525000030171202020000
+000857200525000030171201020000
+001155200525000030171201930000
+001255200525000030171202930000
+001900200525000030171202020000
+000556190525000030171801020000
+001030190525000030171801930000
+001130190525000030171802930000
+001729190525000030171801930000
+001831190525000030171802930000
+002004190525000030171802020000
+000704200525000030171801020000
+001101200525000030171801930000
+001206200525000030171802930000
+001652200525000030171802020000
+002126190525000030174401020000
+000002200525000030174401930000
+000106200525000030174402930000
+000601200525000030174402020000
+001900200525000030174401020000
+000001210525000030174401930000
+000059210525000030174402930000
+000602210525000030174402020000
+001315190525000030178301020000
+001753190525000030178301930000
+001840190525000030178302930000
+002212190525000030178302020000
+001335200525000030178301020000
+001754200525000030178301930000
+001846200525000030178302930000
+002211200525000030178302020000
+000655190525000030182801020000
+001148190525000030182801930000
+001245190525000030182802930000
+001848190525000030182802020000
+000656200525000030182801020000
+001147200525000030182801930000
+001245200525000030182802930000
+001848200525000030182802020000
+000556190525000030198701020000
+001127190525000030198701930000
+001227190525000030198702930000
+001600190525000030198702020000
+000510200525000030198701020000
+001320200525000030198701930000
+001421200525000030198702930000
+001810200525000030198701930000
+001911200525000030198702930000
+001912200525000030198701020000
+001226210525000030198701930000
+001326210525000030198702930000
+002040210525000030198701930000
+002140210525000030198702930000
+000550190525000030201201020000
+001123190525000030201201930000
+001218190525000030201202930000
+001455190525000030201202020000
+000543200525000030201201020000
+001127200525000030201201930000
+001222200525000030201202930000
+001737200525000030201202020000
+001319190525000030201301020000
+001732190525000030201301930000
+001830190525000030201302930000
+002212190525000030201302020000
+001322200525000030201301020000
+001731200525000030201301930000
+001831200525000030201302930000
+002212200525000030201302020000
+000558190525000030204201020000
+001313190525000030204201930000
+001413190525000030204202930000
+001653190525000030204202020000
+000557200525000030204201020000
+001226200525000030204201930000
+001325200525000030204202930000
+001800200525000030204201930000
+001900200525000030204202930000
+002118200525000030204202020000
+000600190525000030204901020000
+001100190525000030204901930000
+001200190525000030204902930000
+001703190525000030204902020000
+000600200525000030204901020000
+001100200525000030204901930000
+001538200525000030204902930000
+001710200525000030204902020000
+000551190525000030205301020000
+001132190525000030205301930000
+001232190525000030205302930000
+001554190525000030205302020000
+000556200525000030205301020000
+001130200525000030205301930000
+001230200525000030205302930000
+001804200525000030205302020000
+000555190525000030205501020000
+001200190525000030205501930000
+001258190525000030205502930000
+001550190525000030205502020000
+000555200525000030205501020000
+001235200525000030205501930000
+001348200525000030205502930000
+001800200525000030205501930000
+001900200525000030205502930000
+002114200525000030205502020000
+001917190525000030205801020000
+000038200525000030205801930000
+000147200525000030205802930000
+000600200525000030205802020000
+001839200525000030205801020000
+000031210525000030205801930000
+000133210525000030205802930000
+000600210525000030205802020000
+000557190525000030205901020000
+001430190525000030205901930000
+001530190525000030205902930000
+001900190525000030205901930000
+002000190525000030205902930000
+002316190525000030205902020000
+001120200525000030205901930000
+001209200525000030205902930000
+001729200525000030205902020000
+000959200525000030205901020000
+001120200525000030205901930000
+001209200525000030205902930000
+001729200525000030205902020000
+001322190525000030206201020000
+001751190525000030206201930000
+001851190525000030206202930000
+002211190525000030206202020000
+001320200525000030206201020000
+001751200525000030206201930000
+001851200525000030206202930000
+002211200525000030206202020000
+000557190525000030206301020000
+001200190525000030206301930000
+001300190525000030206302930000
+001549190525000030206302020000
+000601200525000030206301020000
+001030200525000030206301930000
+001130200525000030206302930000
+001559200525000030206302020000
+002018190525000030207501020000
+000103200525000030207501930000
+000229200525000030207502930000
+000206190525000030207601020000
+001419190525000030207602930000
+001643190525000030207602020000
+000358200525000030207601020000
+000800200525000030207601930000
+000901200525000030207602930000
+001300200525000030207602020000
+001013190525000030207801020000
+001508190525000030207802930000
+001900190525000030207802930000
+000003200525000030207802020000
+001312190525000030208401020000
+001731190525000030208401930000
+001831190525000030208402930000
+002214190525000030208402020000
+001336200525000030208401020000
+001756200525000030208401930000
+001856200525000030208402930000
+002227200525000030208402020000
+000550190525000030209901020000
+001220190525000030209901930000
+001320190525000030209902930000
+001750190525000030209902020000
+000600200525000030209901020000
+001245200525000030209901930000
+001345200525000030209902930000
+001549200525000030209902020000
+000552190525000003033001020000
+001230190525000003033001930000
+001330190525000003033002930000
+001657190525000003033002020000
+000556200525000003033001020000
+001250200525000003033001930000
+001350200525000003033002930000
+001950200525000003033001930000
+002050200525000003033002930000
+002051200525000003033001020000
+000750210525000003033001020000
+001230210525000003033001930000
+001330210525000003033002930000
+001805210525000003033002020000
+001319190525000003048201020000
+001752190525000003048201930000
+001851190525000003048202930000
+002211190525000003048202020000
+001320200525000003048201020000
+001750200525000003048201930000
+001850200525000003048202930000
+002211200525000003048202020000
+001323190525000003082001020000
+001731190525000003082001930000
+001829190525000003082002930000
+002211190525000003082002020000
+001322200525000003082001020000
+001740200525000003082001930000
+001842200525000003082002930000
+002211200525000003082002020000
+000556190525000003095801020000
+001102190525000003095801930000
+001159190525000003095802930000
+002016190525000003095801930000
+002115190525000003095802930000
+002116190525000003095801020000
+001114200525000003095801930000
+001212200525000003095802930000
+001738200525000003095801930000
+001838200525000003095802930000
+001322190525000003098901020000
+001800190525000003098901930000
+001858190525000003098902930000
+002211190525000003098902020000
