+000555241125000030109901020000
+001150241125000030109901930000
+001249241125000030109902930000
+001711241125000030109902020000
+000555251125000030109901020000
+001145251125000030109901930000
+001245251125000030109902930000
+001551251125000030109901020000
+000555261125000030109901020000
+001240261125000030109901930000
+001340261125000030109902930000
+001553261125000030109901020000
+000557271125000030109901020000
+001116271125000030109901930000
+001216271125000030109902930000
+001921271125000030109901930000
+002018271125000030109902930000
+002020271125000030109902020000
+000720281125000030109901020000
+001134281125000030109901930000
+001234281125000030109902930000
+001805281125000030109901020000
+000557291125000030109901020000
+001200291125000030109901930000
+001300291125000030109902930000
+001605291125000030109901020000
+000551241125000030127401020000
+001200241125000030127401930000
+001300241125000030127402930000
+001701241125000030127402020000
+000554251125000030127401020000
+001225251125000030127401930000
+001325251125000030127402930000
+001830251125000030127401930000
+001930251125000030127402930000
+001932251125000030127402020000
+000632261125000030127401020000
+001200261125000030127401930000
+001300261125000030127402930000
+001830261125000030127401930000
+001930261125000030127402930000
+002125261125000030127402020000
+000825271125000030127401020000
+001230271125000030127401930000
+001330271125000030127402930000
+001700271125000030127401930000
+001759271125000030127402930000
+001800271125000030127402020000
+000500281125000030127401020000
+001150281125000030127401930000
+001250281125000030127402930000
+001725281125000030127402020000
+000556291125000030127401020000
+001100291125000030127401930000
+001200291125000030127402930000
+001430291125000030127401020000
+000821241125000030133801020000
+001200241125000030133801930000
+001301241125000030133802930000
+001830241125000030133802020000
+000554251125000030133801020000
+001152251125000030133801930000
+001252251125000030133802930000
+001715251125000030133801930000
+001815251125000030133802930000
+002000251125000030133802020000
+000700261125000030133801020000
+001241261125000030133801930000
+001340261125000030133802930000
+001852261125000030133802020000
+000555271125000030133801020000
+001100271125000030133801930000
+001200271125000030133802930000
+001549271125000030133802020000
+000600281125000030133801020000
+001315281125000030133801930000
+001415281125000030133802930000
+001650281125000030133801930000
+001750281125000030133802930000
+001858281125000030133802020000
+000625291125000030133801020000
+001100291125000030133801930000
+001200291125000030133802930000
+001430291125000030133801020000
+000540241125000030135201020000
+001105241125000030135201930000
+001205241125000030135202930000
+001941241125000030135201930000
+002039241125000030135202930000
+002225241125000030135202020000
+000929251125000030135201020000
+001303251125000030135201930000
+001405251125000030135202930000
+001830251125000030135201930000
+001930251125000030135202930000
+001957251125000030135202020000
+000647261125000030135201020000
+001051261125000030135201930000
+001440261125000030135202930000
+001730261125000030135201930000
+001830261125000030135202930000
+001900261125000030135202020000
+000600271125000030135201020000
+001030271125000030135201930000
+001130271125000030135202930000
+001938271125000030135202020000
+000635281125000030135201020000
+001037281125000030135201930000
+001137281125000030135202930000
+001633281125000030135202020000
+000600241125000030139501020000
+001158241125000030139501930000
+001259241125000030139502930000
+001554241125000030139502020000
+000602251125000030139501020000
+001240251125000030139501930000
+001340251125000030139502930000
+001910251125000030139501930000
+002000251125000030139502930000
+002008251125000030139502020000
+000635261125000030139501020000
+001200261125000030139501930000
+001300261125000030139502930000
+001800261125000030139501930000
+001900261125000030139502930000
+002100261125000030139502020000
+000811271125000030139501020000
+001250271125000030139501930000
+001350271125000030139502930000
+001930271125000030139501930000
+002030271125000030139502930000
+002219271125000030139502020000
+000919281125000030139501020000
+001250281125000030139501930000
+001350281125000030139502930000
+001900281125000030139501930000
+002000281125000030139502930000
+002059281125000030139502020000
+000757291125000030139501020000
+001010291125000030139502020000
+002109261125000030140301020000
+000004271125000030140301930000
+000103271125000030140302930000
+000601271125000030140301020000
+002110271125000030140301020000
+000051281125000030140302020000
+000458241125000030152601020000
+001200241125000030152601930000
+001300241125000030152602930000
+001832241125000030152601020000
+000555251125000030152601020000
+001132251125000030152601930000
+001231251125000030152602930000
+001735251125000030152601930000
+001835251125000030152602930000
+002231251125000030152602020000
+000930261125000030152601020000
+001158261125000030152601930000
+001257261125000030152602930000
+001920261125000030152602020000
+001254281125000030152601020000
+001300281125000030152601930000
+001400281125000030152602930000
+001954281125000030152601020000
+002118241125000030162201020000
+000004251125000030162201930000
+000100251125000030162202930000
+000609251125000030162201020000
+002114251125000030162201020000
+000007261125000030162201930000
+000105261125000030162202930000
+000602261125000030162201020000
+002117261125000030162201020000
+000005271125000030162201930000
+000103271125000030162202930000
+000605271125000030162201020000
+002116271125000030162201020000
+002359271125000030162201930000
+000103281125000030162202930000
+000603281125000030162201020000
+002120281125000030162201020000
+000002291125000030162201930000
+000101291125000030162202930000
+000607291125000030162201020000
+002043291125000030162201020000
+002303291125000030162201930000
+000003301125000030162202930000
+000612301125000030162201020000
+002058241125000030162501020000
+000107251125000030162501930000
+000207251125000030162502930000
+000605251125000030162501020000
+002057251125000030162501020000
+000120261125000030162501930000
+000220261125000030162502930000
+000601261125000030162501020000
+002052271125000030162501020000
+000100281125000030162501930000
+000200281125000030162502930000
+000600281125000030162501020000
+002056281125000030162501020000
+000102291125000030162501930000
+000202291125000030162502930000
+000602291125000030162501020000
+000555241125000030166201020000
+001210241125000030166201930000
+001310241125000030166202930000
+001715241125000030166201930000
+001815241125000030166202930000
+001900241125000030166202020000
+000558251125000030166201020000
+001105251125000030166201930000
+001205251125000030166202930000
+001730251125000030166201930000
+001830251125000030166202930000
+002100251125000030166202020000
+000800261125000030166201020000
+001230261125000030166201930000
+001330261125000030166202930000
+001800261125000030166201930000
+001900261125000030166202930000
+001920261125000030166202020000
+000620271125000030166201020000
+001230271125000030166201930000
+001330271125000030166202930000
+001715271125000030166201930000
+001815271125000030166202930000
+001900271125000030166202020000
+000530281125000030166201020000
+001200281125000030166201930000
+001300281125000030166202930000
+001720281125000030166201930000
+001820281125000030166202930000
+001830281125000030166202020000
+000530291125000030166201020000
+001230291125000030166201930000
+001330291125000030166202930000
+001800291125000030166202020000
+000521241125000030168801020000
+001132241125000030168801930000
+001234241125000030168802930000
+001730241125000030168801930000
+001830241125000030168802930000
+001900241125000030168802020000
+000600251125000030168801020000
+001015251125000030168801930000
+001115251125000030168802930000
+001720251125000030168801930000
+001820251125000030168802930000
+002016251125000030168802020000
+000718261125000030168801020000
+001226261125000030168801930000
+001328261125000030168802930000
+001734261125000030168802020000
+000549271125000030168801020000
+001118271125000030168801930000
+001217271125000030168802930000
+001553271125000030168802020000
+000553281125000030168801020000
+001027281125000030168801930000
+001127281125000030168802930000
+001705281125000030168801930000
+001800281125000030168802930000
+002027281125000030168802020000
+000725291125000030168801020000
+001225291125000030168801930000
+001325291125000030168802930000
+001620291125000030168801020000
+000548241125000030171201020000
+001200241125000030171201930000
+001300241125000030171202930000
+001905241125000030171201020000
+000600251125000030171201020000
+001145251125000030171201930000
+001245251125000030171202930000
+001925251125000030171201020000
+000625261125000030171201020000
+001250261125000030171201930000
+001358261125000030171202930000
+001935261125000030171202020000
+000628271125000030171201020000
+001245271125000030171201930000
+001345271125000030171202930000
+001945271125000030171201930000
+002046271125000030171202930000
+002151271125000030171202020000
+000849281125000030171201020000
+001324281125000030171201930000
+001424281125000030171202930000
+001901281125000030171201930000
+002000281125000030171202930000
+002045281125000030171202020000
+000744291125000030171201020000
+001245291125000030171201930000
+001345291125000030171202930000
+001443291125000030171202020000
+000659241125000030171801020000
+001225241125000030171801930000
+001330241125000030171802930000
+001725241125000030171801930000
+001825241125000030171802930000
+001830241125000030171802020000
+000530251125000030171801020000
+001100251125000030171801930000
+001200251125000030171802930000
+001701251125000030171802020000
+000711261125000030171801020000
+001838261125000030171801930000
+001934261125000030171802930000
+002015261125000030171802020000
+000716271125000030171801020000
+001230271125000030171801930000
+001331271125000030171802930000
+001803271125000030171802020000
+000552281125000030171801020000
+001100281125000030171801930000
+001200281125000030171802930000
+001800281125000030171802020000
+000546291125000030171801020000
+001133291125000030171801930000
+001227291125000030171802930000
+001601291125000030171802020000
+001843251125000030174401020000
+000100261125000030174401930000
+000200261125000030174402930000
+000600261125000030174401020000
+001748261125000030174401020000
+000100271125000030174401930000
+000200271125000030174402930000
+000602271125000030174401020000
+001807271125000030174401020000
+000100281125000030174401930000
+000200281125000030174402930000
+000610281125000030174401020000
+001750281125000030174401020000
+000100291125000030174401930000
+000200291125000030174402930000
+000603291125000030174401020000
+001806291125000030174401020000
+002305291125000030174401930000
+000003301125000030174402930000
+000602301125000030174401020000
+000550241125000030176601020000
+001253241125000030176601930000
+001353241125000030176602930000
+001954241125000030176601930000
+002054241125000030176602930000
+002055241125000030176602020000
+000753251125000030176601020000
+001046251125000030176601930000
+001145251125000030176602930000
+001830251125000030176601930000
+001930251125000030176602930000
+001936251125000030176602020000
+000735261125000030176601020000
+001235261125000030176601930000
+001335261125000030176602930000
+001747261125000030176602020000
+000544271125000030176601020000
+001335271125000030176601930000
+001435271125000030176602930000
+001929271125000030176602020000
+000608281125000030176601020000
+001233281125000030176601930000
+001334281125000030176602930000
+002201281125000030176601930000
+002302281125000030176602930000
+000459291125000030176602020000
+000551241125000030181801020000
+001138241125000030181801930000
+001236241125000030181802930000
+001548241125000030181801020000
+000554251125000030181801020000
+001200251125000030181801930000
+001300251125000030181802930000
+002020251125000030181802020000
+000720261125000030181801020000
+001158261125000030181801930000
+001254261125000030181802930000
+001721261125000030181802020000
+000554271125000030181801020000
+001138271125000030181801930000
+001234271125000030181802930000
+001548271125000030181802020000
+000605241125000030184401020000
+001300241125000030184401930000
+001416241125000030184402930000
+001549241125000030184402020000
+000600251125000030184401020000
+001200251125000030184401930000
+001300251125000030184402930000
+001700251125000030184401930000
+000600261125000030184401020000
+001200261125000030184401930000
+001300261125000030184402930000
+001730261125000030184401930000
+001830261125000030184402930000
+000050271125000030184402020000
+001150271125000030184401020000
+001200271125000030184401930000
+001300271125000030184402930000
+001800271125000030184401930000
+001900271125000030184402930000
+002000271125000030184402020000
+000700281125000030184401020000
+001200281125000030184401930000
+001300281125000030184402930000
+001814281125000030184401930000
+001914281125000030184402930000
+000007291125000030184402020000
+001107291125000030184401020000
+001200291125000030184401930000
+001300291125000030184402930000
+001810291125000030184401930000
+001910291125000030184402930000
+002000291125000030184402020000
+000700301125000030184401020000
+001100301125000030184402020000
+000500241125000030185501020000
+001115241125000030185501930000
+001215241125000030185502930000
+001700241125000030185501930000
+001800241125000030185502930000
+001900241125000030185502020000
+000600251125000030185501020000
+001140251125000030185501930000
+001240251125000030185502930000
+001705251125000030185501930000
+001805251125000030185502930000
+001908251125000030185502020000
+000605261125000030185501020000
+001155261125000030185501930000
+001255261125000030185502930000
+001748261125000030185502020000
+000548271125000030185501020000
+001131271125000030185501930000
+001231271125000030185502930000
+001549271125000030185502020000
+000552281125000030185501020000
+001204281125000030185501930000
+001307281125000030185502930000
+001609281125000030185502020000
+000549291125000030185501020000
+001200291125000030185501930000
+001300291125000030185502930000
+001540291125000030185501020000
+000458241125000030190401020000
+001105241125000030190401930000
+001206241125000030190402930000
+001706241125000030190401930000
+001811241125000030190402930000
+001940241125000030190402020000
+000636251125000030190401020000
+001221251125000030190401930000
+001321251125000030190402930000
+001720251125000030190401930000
+001820251125000030190402930000
+002042251125000030190402020000
+000755261125000030190401020000
+001151261125000030190401930000
+001217261125000030190402930000
+002129261125000030190401930000
+002239261125000030190402930000
+002309261125000030190402020000
+001006271125000030190401020000
+001212271125000030190401930000
+001319271125000030190402930000
+001800271125000030190401930000
+001900271125000030190402930000
+002000271125000030190402020000
+000700281125000030190401020000
+001200281125000030190401930000
+001300281125000030190402930000
+001830281125000030190401930000
+001930281125000030190402930000
+002000281125000030190402020000
+000700291125000030190401020000
+001239291125000030190401930000
+001339291125000030190402930000
+001445291125000030190402020000
+001137251125000030195101020000
+001300251125000030195101930000
+001400251125000030195102930000
+001700251125000030195101930000
+001800251125000030195102930000
+002037251125000030195101020000
+000735261125000030195101020000
+001226261125000030195101930000
+001326261125000030195102930000
+001707261125000030195101930000
+001807261125000030195102930000
+002010261125000030195102020000
+000710271125000030195101020000
+001125271125000030195101930000
+001225271125000030195102930000
+001710271125000030195101930000
+001810271125000030195102930000
+001820271125000030195102020000
+000517281125000030195101020000
+001124281125000030195101930000
+001224281125000030195102930000
+001724281125000030195101930000
+001803281125000030195102930000
+002011281125000030195102020000
+000701291125000030195101020000
+001145291125000030195101930000
+001245291125000030195102930000
+001625291125000030195101020000
+000618241125000030198701020000
+001226241125000030198701930000
+001330241125000030198702930000
+001700241125000030198701930000
+001800241125000030198702930000
+001826241125000030198702020000
+000600251125000030198701020000
+001012251125000030198701930000
+001112251125000030198702930000
+001807251125000030198701930000
+001907251125000030198702930000
+001945251125000030198702020000
+000645261125000030198701020000
+001119261125000030198701930000
+001219261125000030198702930000
+001835261125000030198702020000
+000555271125000030198701020000
+001255271125000030198701930000
+001355271125000030198702930000
+001825271125000030198702020000
+000554281125000030198701020000
+001100281125000030198701930000
+001200281125000030198702930000
+001656281125000030198701020000
+000700241125000030199601020000
+001230241125000030199601930000
+001330241125000030199602930000
+001755241125000030199601930000
+001855241125000030199602930000
+001900241125000030199602020000
+000600251125000030199601020000
+001015251125000030199601930000
+001115251125000030199602930000
+001800251125000030199601930000
+001900251125000030199602930000
+001948251125000030199602020000
+000645261125000030199601020000
+001130261125000030199601930000
+001230261125000030199602930000
+001825261125000030199602020000
+000558271125000030199601020000
+001302271125000030199601930000
+001410271125000030199602930000
+001846271125000030199602020000
+000600281125000030199601020000
+000742281125000030199601020000
+000742281125000030199601020000
+000746281125000030199601020000
+000746281125000030199601020000
+001140281125000030199601930000
+001240281125000030199602930000
+001549281125000030199602020000
+000611291125000030199601020000
+001130291125000030199601930000
+001230291125000030199602930000
+001413291125000030199601020000
+001313241125000030201201020000
+001741241125000030201201930000
+001839241125000030201202930000
+002239241125000030201201020000
+001312251125000030201201020000
+001749251125000030201201930000
+001848251125000030201202930000
+002239251125000030201201020000
+001224261125000030201201020000
+001733261125000030201201930000
+001833261125000030201202930000
+002238261125000030201201020000
+001307271125000030201201020000
+001736271125000030201201930000
+001833271125000030201202930000
+002239271125000030201201020000
+001313281125000030201201020000
+001800281125000030201201930000
+001858281125000030201202930000
+002239281125000030201201020000
+001340241125000030201301020000
+001728241125000030201301930000
+001828241125000030201302930000
+002334241125000030201302020000
+001336251125000030201301020000
+001840251125000030201301930000
+001940251125000030201302930000
+002141251125000030201301020000
+001340261125000030201301020000
+001800261125000030201301930000
+001900261125000030201302930000
+002248261125000030201301020000
+001342271125000030201301020000
+001820271125000030201301930000
+001920271125000030201302930000
+002239271125000030201301020000
+001334281125000030201301020000
+001831281125000030201301930000
+001931281125000030201302930000
+002240281125000030201301020000
+000554241125000030202901020000
+001212241125000030202901930000
+001312241125000030202902930000
+001448241125000030202901020000
+000555251125000030202901020000
+001158251125000030202901930000
+001300251125000030202902930000
+001448251125000030202901020000
+000555261125000030202901020000
+001219261125000030202901930000
+001320261125000030202902930000
+001448261125000030202901020000
+000554271125000030202901020000
+001158271125000030202901930000
+001300271125000030202902930000
+001448271125000030202901020000
+000554281125000030202901020000
+001158281125000030202901930000
+001300281125000030202902930000
+001456281125000030202901020000
+000556291125000030202901020000
+001208291125000030202901930000
+001302291125000030202902930000
+001700291125000030202901020000
+000910241125000030204201020000
+001148241125000030204201930000
+001248241125000030204202930000
+001844241125000030204201930000
+001944241125000030204202930000
+001948241125000030204202020000
+000648251125000030204201020000
+001200251125000030204201930000
+001300251125000030204202930000
+001800251125000030204201930000
+001900251125000030204202930000
+001950251125000030204202020000
+000840261125000030204201020000
+001130261125000030204201930000
+001230261125000030204202930000
+001830261125000030204201930000
+001930261125000030204202930000
+002240261125000030204202020000
+000940271125000030204201020000
+001207271125000030204201930000
+001307271125000030204202930000
+001925271125000030204201930000
+002025271125000030204202930000
+002136271125000030204202020000
+000847281125000030204201020000
+001145281125000030204201930000
+001245281125000030204202930000
+001800281125000030204201930000
+002348281125000030204202930000
+002358281125000030204202020000
+000617251125000030205501020000
+001227251125000030205501930000
+001327251125000030205502930000
+001907251125000030205501930000
+002009251125000030205502930000
+002015251125000030205502020000
+000714261125000030205501020000
+001320261125000030205501930000
+001420261125000030205502930000
+001755261125000030205501930000
+001855261125000030205502930000
+001920261125000030205501020000
+000559271125000030205501020000
+001115271125000030205501930000
+001215271125000030205502930000
+001730271125000030205501020000
+000600281125000030205501020000
+001223281125000030205501930000
+001323281125000030205502930000
+001804281125000030205502020000
+001801241125000030205801020000
+002250241125000030205801930000
+002350241125000030205802930000
+000600251125000030205801020000
+001806251125000030205801020000
+002358251125000030205801930000
+000058261125000030205802930000
+000600261125000030205801020000
+001807261125000030205801020000
+000000271125000030205801930000
+000100271125000030205802930000
+000601271125000030205801020000
+001745271125000030205801020000
+000000281125000030205801930000
+000101281125000030205802930000
+000600281125000030205801020000
+001742281125000030205801020000
+000031291125000030205801930000
+000131291125000030205802930000
+000600291125000030205801020000
+000533301125000030205801020000
+001200301125000030205801930000
+001317301125000030205802930000
+001755301125000030205801020000
+001317241125000030206201020000
+001743241125000030206201930000
+001842241125000030206202930000
+002238241125000030206201020000
+001345251125000030206201020000
+001732251125000030206201930000
+001831251125000030206202930000
+002238251125000030206201020000
+001346261125000030206201020000
+001735261125000030206201930000
+001835261125000030206202930000
+002238261125000030206201020000
+001345271125000030206201020000
+001741271125000030206201930000
+001841271125000030206202930000
+002238271125000030206201020000
+001345281125000030206201020000
+001836281125000030206201930000
+001939281125000030206201020000
+002239281125000030206202020000
+000547241125000030209901020000
+001130241125000030209901930000
+001230241125000030209902930000
+001618241125000030209901020000
+000543251125000030209901020000
+001737251125000030209901930000
+001840251125000030209902930000
+002023251125000030209902020000
+000525261125000030209901020000
+001141261125000030209901930000
+001246261125000030209902930000
+001750261125000030209901930000
+001850261125000030209902930000
+001852261125000030209902020000
+000613271125000030209901020000
+001050271125000030209901930000
+001150271125000030209902930000
+001705271125000030209901930000
+001805271125000030209902930000
+001850271125000030209902020000
+000554281125000030209901020000
+001158281125000030209901930000
+001300281125000030209902930000
+001548281125000030209902020000
+000557291125000030209901020000
+001220291125000030209902930000
+001500291125000030209902020000
+000556241125000030213501020000
+001054241125000030213501930000
+001203241125000030213502930000
+001907241125000030213501930000
+002001241125000030213502930000
+000007251125000030213502020000
+001115251125000030213501020000
+001630251125000030213501930000
+001729251125000030213502930000
+002223251125000030213501930000
+002323251125000030213502930000
+002329251125000030213502020000
+000920261125000030213501020000
+001347261125000030213501930000
+001446261125000030213502930000
+001850261125000030213501930000
+001950261125000030213502930000
+001955261125000030213502020000
+000609271125000030213501020000
+001055271125000030213501930000
+001155271125000030213502930000
+001811271125000030213502020000
+000558281125000030213501020000
+001133281125000030213501930000
+001226281125000030213502930000
+001656281125000030213502020000
+000605291125000030213501020000
+001100291125000030213501930000
+001200291125000030213502930000
+001504291125000030213501020000
+000956241125000030213701020000
+001200241125000030213701930000
+001307241125000030213702930000
+001448241125000030213701020000
+000602251125000030213701020000
+001123251125000030213701930000
+001223251125000030213702930000
+001448251125000030213701020000
+000558261125000030213701020000
+001150261125000030213701930000
+001250261125000030213702930000
+001448261125000030213701020000
+000558271125000030213701020000
+001238271125000030213701930000
+001338271125000030213702930000
+001448271125000030213701020000
+000609281125000030213701020000
+001148281125000030213701930000
+001249281125000030213702930000
+001448281125000030213701020000
+000619291125000030213701020000
+001137291125000030213701930000
+001228291125000030213702930000
+001700291125000030213701020000
+000642241125000030214901020000
+001100241125000030214901930000
+001200241125000030214902930000
+001645241125000030214901020000
+000559251125000030214901020000
+001100251125000030214901930000
+001200251125000030214902930000
+001800251125000030214901930000
+001900251125000030214902930000
+002003251125000030214901020000
+000710261125000030214901020000
+001130261125000030214901930000
+001230261125000030214902930000
+001810261125000030214901930000
+001910261125000030214902930000
+001912261125000030214902020000
+000609271125000030214901020000
+001345271125000030214901930000
+001445271125000030214902930000
+001637271125000030214902020000
+000616281125000030214901020000
+001244281125000030214901930000
+001338281125000030214902020000
+001803281125000030214902020000
+000554241125000030216401020000
+001725241125000030216401930000
+001829241125000030216402930000
+002140241125000030216402020000
+000853251125000030216401020000
+001800251125000030216401930000
+001900251125000030216402930000
+002234251125000030216402020000
+000931261125000030216401020000
+001321261125000030216401930000
+001421261125000030216402930000
+001754261125000030216401930000
+001852261125000030216402930000
+002000261125000030216402020000
+000556271125000030216401020000
+001208271125000030216401930000
+001308271125000030216402930000
+001548271125000030216402020000
+000555281125000030216401020000
+001200281125000030216401930000
+001300281125000030216402930000
+001905281125000030216401930000
+002005281125000030216402930000
+002039281125000030216402020000
+000548241125000030216701020000
+001100241125000030216701930000
+001200241125000030216702930000
+001548241125000030216701020000
+000554251125000030216701020000
+001102251125000030216701930000
+001202251125000030216702930000
+001726251125000030216702020000
+000524261125000030216701020000
+001032261125000030216701930000
+001133261125000030216702930000
+001548261125000030216702020000
+000555271125000030216701020000
+001208271125000030216701930000
+001308271125000030216702930000
+001735271125000030216702020000
+000554281125000030216701020000
+001019281125000030216701930000
+001120281125000030216702930000
+001746281125000030216702020000
+000555291125000030216701020000
+001200291125000030216701930000
+001300291125000030216702930000
+001559291125000030216701020000
+001346241125000003048201020000
+001727241125000003048201930000
+001828241125000003048202930000
+002238241125000003048201020000
+001350251125000003048201020000
+001734251125000003048201930000
+001835251125000003048202930000
+002238251125000003048201020000
+001346261125000003048201020000
+001804261125000003048201930000
+001907261125000003048202930000
+002238261125000003048201020000
+001346271125000003048201020000
+001810271125000003048201930000
+001910271125000003048202930000
+002238271125000003048201020000
+001347281125000003048201020000
+001748281125000003048201930000
+001849281125000003048202930000
+002238281125000003048201020000
+001346241125000003082001020000
+001729241125000003082001930000
+001829241125000003082002930000
+002238241125000003082001020000
+001347251125000003082001020000
+001731251125000003082001930000
+001831251125000003082002930000
+002238251125000003082001020000
+001344261125000003082001020000
+001752261125000003082001930000
+001852261125000003082002930000
+002238261125000003082001020000
+001351271125000003082001020000
+001736271125000003082001930000
+001836271125000003082002930000
+002238271125000003082001020000
+001344281125000003082001020000
+001729281125000003082001930000
+001830281125000003082002930000
+002238281125000003082001020000
+000602241125000003095801020000
+001215241125000003095801930000
+001315241125000003095802930000
+002040241125000003095801930000
+002139241125000003095802930000
+002140241125000003095802020000
+000840251125000003095801020000
+001203251125000003095801930000
+001302251125000003095802930000
+001735251125000003095802020000
+000556261125000003095801020000
+001202261125000003095801930000
+001302261125000003095802930000
+001837261125000003095802020000
+000553271125000003095801020000
+001115271125000003095801930000
+001215271125000003095802930000
+001548271125000003095801020000
+000558281125000003095801020000
+001233281125000003095801930000
+001334281125000003095802930000
+001800281125000003095802020000
