+000754131025000030198901020000
+001327131025000030198901930000
+001427131025000030198902930000
+001748131025000030198902020000
+000739141025000030198901020000
+001239141025000030198901930000
+001338141025000030198902930000
+001821141025000030198902020000
+000751151025000030198901020000
+001244151025000030198901930000
+001347151025000030198902930000
+001837151025000030198901930000
+001935151025000030198902930000
+001952151025000030198902020000
+000724161025000030198901020000
+001157161025000030198901930000
+001257161025000030198902930000
+001748161025000030198902020000
+000800171025000030198901020000
+001233171025000030198901930000
+001333171025000030198902930000
+001748171025000030198902020000
+000600131025000030207601020000
+001101131025000030207601930000
+001203131025000030207602930000
+001700131025000030207601930000
+001800131025000030207602930000
+002030131025000030207602020000
+000735141025000030207601020000
+001300141025000030207601930000
+001400141025000030207602930000
+001847141025000030207602020000
+000605151025000030207601020000
+001200151025000030207601930000
+001300151025000030207602930000
+001735151025000030207601930000
+001830151025000030207602930000
+001932151025000030207602020000
+000630161025000030207601020000
+001131161025000030207601930000
+001230161025000030207602930000
+001830161025000030207602020000
+000602171025000030207601020000
+001100171025000030207601930000
+001700171025000030207601930000
+001800171025000030207602930000
+001920171025000030207602020000
+000600201025000030207601020000
+001100201025000030207601930000
+001200201025000030207602930000
+001700201025000030207601930000
+001800201025000030207602930000
+002340201025000030207602020000
+000503131025000038001001020000
+001200131025000038001001930000
+001300131025000038001002930000
+001800131025000038001002930000
+001900131025000038001002020000
+000603141025000038001001020000
+001216141025000038001001930000
+001315141025000038001002930000
+001911141025000038001002020000
+000602151025000038001001020000
+001215151025000038001001930000
+001315151025000038001002930000
+001901151025000038001002020000
+000603161025000038001001020000
+001200161025000038001001930000
+001300161025000038001002930000
+001901161025000038001002020000
+000601171025000038001001020000
+001200171025000038001001930000
+001300171025000038001002930000
+001900171025000038001002020000
+000600181025000038001001020000
+001222181025000038001001930000
+001322181025000038001002930000
+001534181025000038001002020000
+000651191025000038001001020000
+001621191025000038001002020000
+000503201025000038001001020000
+001202201025000038001001930000
+001300201025000038001002930000
+001900201025000038001002020000
+001200131025000038003201020000
+001702131025000038003201930000
+001800131025000038003202930000
+002214131025000038003201930000
+002310131025000038003202930000
+002356131025000038003202020000
+001059141025000038003201020000
+001601141025000038003201930000
+001700141025000038003202930000
+002201141025000038003201930000
+002301141025000038003202930000
+000113151025000038003202020000
+001059141025000038003201020000
+001601141025000038003201930000
+001700141025000038003202930000
+002201141025000038003201930000
+002301141025000038003202930000
+000113151025000038003202020000
+001219151025000038003201020000
+001800151025000038003201930000
+001900151025000038003202930000
+002336151025000038003202020000
+001040161025000038003201020000
+001530161025000038003201930000
+001631161025000038003202930000
+002102161025000038003201930000
+002200161025000038003202930000
+002356161025000038003202020000
+001100171025000038003201020000
+001601171025000038003201930000
+001700171025000038003202930000
+002131171025000038003201930000
+002230171025000038003202930000
+000138181025000038003202020000
+001100171025000038003201020000
+001601171025000038003201930000
+001700171025000038003202930000
+002131171025000038003201930000
+002230171025000038003202930000
+000138181025000038003202020000
+001157201025000038003201020000
+001701201025000038003201930000
+001802201025000038003202930000
+002201201025000038003201930000
+002302201025000038003202930000
+000005211025000038003202020000
+001157201025000038003201020000
+001701201025000038003201930000
+001802201025000038003202930000
+002201201025000038003201930000
+002302201025000038003202930000
+000005211025000038003202020000
+000556131025000038003301020000
+001007131025000038003301930000
+001109131025000038003302930000
+001830131025000038003302020000
+000559141025000038003301020000
+001023141025000038003301930000
+001120141025000038003302930000
+001735141025000038003302020000
+000603151025000038003301020000
+001019151025000038003301930000
+001119151025000038003302930000
+001658151025000038003302020000
+000557161025000038003301020000
+001004161025000038003301930000
+001106161025000038003302930000
+001547161025000038003302020000
+000558171025000038003301020000
+001057171025000038003301930000
+001204171025000038003302930000
+001640171025000038003302020000
+000630131025000038003801020000
+001216131025000038003801930000
+002050131025000038003801930000
+002150131025000038003802930000
+000206141025000038003802020000
+000630131025000038003801020000
+001216131025000038003801930000
+002050131025000038003801930000
+002150131025000038003802930000
+000206141025000038003802020000
+001305141025000038003801020000
+001700141025000038003801930000
+001800141025000038003802930000
+002330141025000038003801930000
+000030151025000038003802930000
+000321151025000038003802020000
+001431151025000038003801020000
+002025151025000038003801930000
+002126151025000038003802930000
+000001161025000038003802020000
+001100161025000038003801020000
+001511161025000038003801930000
+001612161025000038003802930000
+002201161025000038003801930000
+002301161025000038003802930000
+000200171025000038003802020000
+001301171025000038003801020000
+001700171025000038003801930000
+001801171025000038003802930000
+000111181025000038003802020000
+001003201025000038003801020000
+001411201025000038003801930000
+001511201025000038003802930000
+002130201025000038003801930000
+002230201025000038003802930000
+000236211025000038003802020000
+001003201025000038003801020000
+001411201025000038003801930000
+001511201025000038003802930000
+002130201025000038003801930000
+002230201025000038003802930000
+000236211025000038003802020000
+000946131025000038004501020000
+001440131025000038004501930000
+001543131025000038004502930000
+002200131025000038004502020000
+000948141025000038004501020000
+001602141025000038004501930000
+001704141025000038004502930000
+002152141025000038004502020000
+000940151025000038004501020000
+001618151025000038004501930000
+001723151025000038004502930000
+002153151025000038004502020000
+000951161025000038004501020000
+001345161025000038004501930000
+001447161025000038004502930000
+002150161025000038004502020000
+000955171025000038004501020000
+001607171025000038004501930000
+001709171025000038004502930000
+002001201025000038004501020000
+000004211025000038004501930000
+000108211025000038004502930000
+000606211025000038004502020000
+002001201025000038004501020000
+000004211025000038004501930000
+000108211025000038004502930000
+000606211025000038004502020000
+000345131025000038004801020000
+000957131025000038004801930000
+001110131025000038004802930000
+001600131025000038004802020000
+000554141025000038004801020000
+001334141025000038004802930000
+001859141025000038004801930000
+002010141025000038004802930000
+002107141025000038004802020000
+000759151025000038004801020000
+001206151025000038004801930000
+001310151025000038004802930000
+001646151025000038004802020000
+000601161025000038004801020000
+001111161025000038004801930000
+001202161025000038004802930000
+001707161025000038004802020000
+000557171025000038004801020000
+002000171025000038004802020000
+000556201025000038004801020000
+002128201025000038004802020000
+001535131025000038005001020000
+002046131025000038005001930000
+002155131025000038005002930000
+000044141025000038005002020000
+001535131025000038005001020000
+002046131025000038005001930000
+002155131025000038005002930000
+000044141025000038005002020000
+001605141025000038005001020000
+002130141025000038005001930000
+002229141025000038005002930000
+000410151025000038005001930000
+000512151025000038005002930000
+000802151025000038005002020000
+001906151025000038005001020000
+002347151025000038005001930000
+000052161025000038005002930000
+000241161025000038005002020000
+001643161025000038005001020000
+002231161025000038005001930000
+000207171025000038005002020000
+001626171025000038005001020000
+002156171025000038005001930000
+002247171025000038005002930000
+000300181025000038005002020000
+001759201025000038005001020000
+002212201025000038005001930000
+002319201025000038005002930000
+000116211025000038005002020000
+001759201025000038005001020000
+002212201025000038005001930000
+002319201025000038005002930000
+000116211025000038005002020000
+000754131025000030198901020000
+001327131025000030198901930000
+001427131025000030198902930000
+001748131025000030198902020000
+000739141025000030198901020000
+001239141025000030198901930000
+001338141025000030198902930000
+001821141025000030198902020000
+000751151025000030198901020000
+001244151025000030198901930000
+001347151025000030198902930000
+001837151025000030198901930000
+001935151025000030198902930000
+001952151025000030198902020000
+000724161025000030198901020000
+001157161025000030198901930000
+001257161025000030198902930000
+001748161025000030198902020000
+000800171025000030198901020000
+001233171025000030198901930000
+001333171025000030198902930000
+001748171025000030198902020000
+000600131025000030207601020000
+001101131025000030207601930000
+001203131025000030207602930000
+001700131025000030207601930000
+001800131025000030207602930000
+002030131025000030207602020000
+000735141025000030207601020000
+001300141025000030207601930000
+001400141025000030207602930000
+001847141025000030207602020000
+000605151025000030207601020000
+001200151025000030207601930000
+001300151025000030207602930000
+001735151025000030207601930000
+001830151025000030207602930000
+001932151025000030207602020000
+000630161025000030207601020000
+001131161025000030207601930000
+001230161025000030207602930000
+001830161025000030207602020000
+000602171025000030207601020000
+001100171025000030207601930000
+001700171025000030207601930000
+001800171025000030207602930000
+001920171025000030207602020000
+000600201025000030207601020000
+001100201025000030207601930000
+001200201025000030207602930000
+001700201025000030207601930000
+001800201025000030207602930000
+002340201025000030207602020000
+000503131025000038001001020000
+001200131025000038001001930000
+001300131025000038001002930000
+001800131025000038001002930000
+001900131025000038001002020000
+000603141025000038001001020000
+001216141025000038001001930000
+001315141025000038001002930000
+001911141025000038001002020000
+000602151025000038001001020000
+001215151025000038001001930000
+001315151025000038001002930000
+001901151025000038001002020000
+000603161025000038001001020000
+001200161025000038001001930000
+001300161025000038001002930000
+001901161025000038001002020000
+000601171025000038001001020000
+001200171025000038001001930000
+001300171025000038001002930000
+001900171025000038001002020000
+000600181025000038001001020000
+001222181025000038001001930000
+001322181025000038001002930000
+001534181025000038001002020000
+000651191025000038001001020000
+001621191025000038001002020000
+000503201025000038001001020000
+001202201025000038001001930000
+001300201025000038001002930000
+001900201025000038001002020000
+001200131025000038003201020000
+001702131025000038003201930000
+001800131025000038003202930000
+002214131025000038003201930000
+002310131025000038003202930000
+002356131025000038003202020000
+001059141025000038003201020000
+001601141025000038003201930000
+001700141025000038003202930000
+002201141025000038003201930000
+002301141025000038003202930000
+000113151025000038003202020000
+001059141025000038003201020000
+001601141025000038003201930000
+001700141025000038003202930000
+002201141025000038003201930000
+002301141025000038003202930000
+000113151025000038003202020000
+001219151025000038003201020000
+001800151025000038003201930000
+001900151025000038003202930000
+002336151025000038003202020000
+001040161025000038003201020000
+001530161025000038003201930000
+001631161025000038003202930000
+002102161025000038003201930000
+002200161025000038003202930000
+002356161025000038003202020000
+001100171025000038003201020000
+001601171025000038003201930000
+001700171025000038003202930000
+002131171025000038003201930000
+002230171025000038003202930000
+000138181025000038003202020000
+001100171025000038003201020000
+001601171025000038003201930000
+001700171025000038003202930000
+002131171025000038003201930000
+002230171025000038003202930000
+000138181025000038003202020000
+001157201025000038003201020000
+001701201025000038003201930000
+001802201025000038003202930000
+002201201025000038003201930000
+002302201025000038003202930000
+000005211025000038003202020000
+001157201025000038003201020000
+001701201025000038003201930000
+001802201025000038003202930000
+002201201025000038003201930000
+002302201025000038003202930000
+000005211025000038003202020000
+000556131025000038003301020000
+001007131025000038003301930000
+001109131025000038003302930000
+001830131025000038003302020000
+000559141025000038003301020000
+001023141025000038003301930000
+001120141025000038003302930000
+001735141025000038003302020000
+000603151025000038003301020000
+001019151025000038003301930000
+001119151025000038003302930000
+001658151025000038003302020000
+000557161025000038003301020000
+001004161025000038003301930000
+001106161025000038003302930000
+001547161025000038003302020000
+000558171025000038003301020000
+001057171025000038003301930000
+001204171025000038003302930000
+001640171025000038003302020000
+000630131025000038003801020000
+001216131025000038003801930000
+002050131025000038003801930000
+002150131025000038003802930000
+000206141025000038003802020000
+000630131025000038003801020000
+001216131025000038003801930000
+002050131025000038003801930000
+002150131025000038003802930000
+000206141025000038003802020000
+001305141025000038003801020000
+001700141025000038003801930000
+001800141025000038003802930000
+002330141025000038003801930000
+000030151025000038003802930000
+000321151025000038003802020000
+001431151025000038003801020000
+002025151025000038003801930000
+002126151025000038003802930000
+000001161025000038003802020000
+001100161025000038003801020000
+001511161025000038003801930000
+001612161025000038003802930000
+002201161025000038003801930000
+002301161025000038003802930000
+000200171025000038003802020000
+001301171025000038003801020000
+001700171025000038003801930000
+001801171025000038003802930000
+000111181025000038003802020000
+001003201025000038003801020000
+001411201025000038003801930000
+001511201025000038003802930000
+002130201025000038003801930000
+002230201025000038003802930000
+000236211025000038003802020000
+001003201025000038003801020000
+001411201025000038003801930000
+001511201025000038003802930000
+002130201025000038003801930000
+002230201025000038003802930000
+000236211025000038003802020000
+000946131025000038004501020000
+001440131025000038004501930000
+001543131025000038004502930000
+002200131025000038004502020000
+000948141025000038004501020000
+001602141025000038004501930000
+001704141025000038004502930000
+002152141025000038004502020000
+000940151025000038004501020000
+001618151025000038004501930000
+001723151025000038004502930000
+002153151025000038004502020000
+000951161025000038004501020000
+001345161025000038004501930000
+001447161025000038004502930000
+002150161025000038004502020000
+000955171025000038004501020000
+001607171025000038004501930000
+001709171025000038004502930000
+002001201025000038004501020000
+000004211025000038004501930000
+000108211025000038004502930000
+000606211025000038004502020000
+002001201025000038004501020000
+000004211025000038004501930000
+000108211025000038004502930000
+000606211025000038004502020000
+000345131025000038004801020000
+000957131025000038004801930000
+001110131025000038004802930000
+001600131025000038004802020000
+000554141025000038004801020000
+001334141025000038004802930000
+001859141025000038004801930000
+002010141025000038004802930000
+002107141025000038004802020000
+000759151025000038004801020000
+001206151025000038004801930000
+001310151025000038004802930000
+001646151025000038004802020000
+000601161025000038004801020000
+001111161025000038004801930000
+001202161025000038004802930000
+001707161025000038004802020000
+000557171025000038004801020000
+002000171025000038004802020000
+000556201025000038004801020000
+002128201025000038004802020000
+001535131025000038005001020000
+002046131025000038005001930000
+002155131025000038005002930000
+000044141025000038005002020000
+001535131025000038005001020000
+002046131025000038005001930000
+002155131025000038005002930000
+000044141025000038005002020000
+001605141025000038005001020000
+002130141025000038005001930000
+002229141025000038005002930000
+000410151025000038005001930000
+000512151025000038005002930000
+000802151025000038005002020000
+001906151025000038005001020000
+002347151025000038005001930000
+000052161025000038005002930000
+000241161025000038005002020000
+001643161025000038005001020000
+002231161025000038005001930000
+000207171025000038005002020000
+001626171025000038005001020000
+002156171025000038005001930000
+002247171025000038005002930000
+000300181025000038005002020000
+001759201025000038005001020000
+002212201025000038005001930000
+002319201025000038005002930000
+000116211025000038005002020000
+001759201025000038005001020000
+002212201025000038005001930000
+002319201025000038005002930000
+000116211025000038005002020000
